1 Time;2 Number;5 Layers;10 Neurons;15 Epochs;20 Train-Acc;21 Val-Acc;22 Train-F1;27 Val-F1;29 Chunksize;30 Comment;Batch-Size;Clipping;Cutoff;Dataset;Future;Link;NLabels;Report;Runtime;Selection;Shape;Train-Confusion;Train-Loss;Val-Confusion;Val-Loss;Weightdecay
02/10/17 13:43:01;0;3;50;300;0.46;0.487;0.09;0.094;1500;LSTM-freq-1s-1ch-eeg-emg feats;64;25;50;c:\sleep\data\;0;<class 'chainer.links.connection.lstm.LSTM'>;[0 1 2 3 4 5 6];"             precision    recall  f1-score   support

          0       0.00      0.00      0.00         0
          1       0.00      0.00      0.00         0
          2       1.00      0.49      0.66     19584
          3       0.00      0.00      0.00         0
          4       0.00      0.00      0.00         0
          5       0.00      0.00      0.00         0
          6       0.00      0.00      0.00         0

avg / total       1.00      0.49      0.66     19584
";60.54;"31 in [ 0  1  2  3  4  5  6  7  8  9 10 11 12 13 33 34 35 36 37 38 39 40 41 42 43
 44 45 46 47 48 49]";(40750L, 59L);"[[ 0.  0.  1.  0.  0.  0.  0.]
 [ 0.  0.  1.  0.  0.  0.  0.]
 [ 0.  0.  1.  0.  0.  0.  0.]
 [ 0.  0.  1.  0.  0.  0.  0.]
 [ 0.  0.  1.  0.  0.  0.  0.]
 [ 0.  0.  1.  0.  0.  0.  0.]
 [ 0.  0.  1.  0.  0.  0.  0.]]";1.50655;"[[ 0.  0.  1.  0.  0.  0.  0.]
 [ 0.  0.  1.  0.  0.  0.  0.]
 [ 0.  0.  1.  0.  0.  0.  0.]
 [ 0.  0.  1.  0.  0.  0.  0.]
 [ 0.  0.  1.  0.  0.  0.  0.]
 [ 0.  0.  1.  0.  0.  0.  0.]
 [ 0.  0.  1.  0.  0.  0.  0.]]";1.45828;0.00001
02/10/17 13:43:23;0;3;50;300;0.785;0.769;0.658;0.572;200;LSTM-freq-1s-1ch-eeg-emg feats;64;25;50;c:\sleep\data\;0;<class 'chainer.links.connection.lstm.LSTM'>;[0 1 2 3 4 5 6];"             precision    recall  f1-score   support

          0       0.66      0.78      0.71      7350
          1       0.17      0.33      0.22      2730
          2       0.83      0.85      0.84     69510
          3       0.67      0.62      0.64     19680
          4       0.55      0.92      0.69      6030
          5       0.92      0.71      0.80     41340
          6       0.06      0.31      0.10       240

avg / total       0.80      0.77      0.78    146880
";166.5;"31 in [ 0  1  2  3  4  5  6  7  8  9 10 11 12 13 33 34 35 36 37 38 39 40 41 42 43
 44 45 46 47 48 49]";(305625L, 50L);"[[  8.38e-01   5.49e-02   1.66e-02   3.33e-03   0.00e+00   8.43e-02
    2.50e-03]
 [  8.82e-02   4.12e-01   1.82e-01   3.15e-03   0.00e+00   3.12e-01
    3.15e-03]
 [  3.20e-04   8.00e-03   7.77e-01   3.92e-02   1.07e-04   1.75e-01
    2.13e-04]
 [  8.32e-04   0.00e+00   2.38e-01   6.78e-01   4.70e-02   3.54e-02
    8.32e-04]
 [  0.00e+00   6.05e-04   3.02e-03   2.98e-01   6.97e-01   1.21e-03
    0.00e+00]
 [  0.00e+00   1.97e-03   1.44e-02   4.37e-04   0.00e+00   9.83e-01
    0.00e+00]
 [  7.14e-02   6.19e-02   3.71e-01   5.24e-02   4.76e-03   3.62e-01
    7.62e-02]]";0.44393;"[[  6.56e-01   1.27e-01   9.97e-02   8.59e-03   5.15e-03   8.93e-02
    1.37e-02]
 [  1.35e-01   1.66e-01   2.02e-01   1.10e-02   0.00e+00   4.81e-01
    5.52e-03]
 [  7.13e-03   7.13e-03   8.29e-01   3.98e-02   4.19e-04   1.16e-01
    2.10e-04]
 [  4.15e-03   8.30e-04   2.97e-01   6.73e-01   1.99e-02   4.98e-03
    0.00e+00]
 [  0.00e+00   0.00e+00   7.47e-03   4.39e-01   5.53e-01   0.00e+00
    0.00e+00]
 [  3.78e-03   3.78e-03   7.33e-02   0.00e+00   0.00e+00   9.19e-01
    0.00e+00]
 [  1.36e-01   5.68e-02   3.41e-01   9.09e-02   3.41e-02   2.84e-01
    5.68e-02]]";0.67131;0.00001
02/10/17 14:23:06;1;3;50;150;0.059;0.059;0.016;0.016;500;LSTM-freq-1s-1ch-eeg-emg feats;64;25;50;c:\sleep\data\;0;<class 'chainer.links.connection.lstm.LSTM'>;[0 1 2 3 4 5 6];"             precision    recall  f1-score   support

          0       1.00      0.06      0.11     58752
          1       0.00      0.00      0.00         0
          2       0.00      0.00      0.00         0
          3       0.00      0.00      0.00         0
          4       0.00      0.00      0.00         0
          5       0.00      0.00      0.00         0
          6       0.00      0.00      0.00         0

avg / total       1.00      0.06      0.11     58752
";34.92;"31 in [ 0  1  2  3  4  5  6  7  8  9 10 11 12 13 33 34 35 36 37 38 39 40 41 42 43
 44 45 46 47 48 49]";(122250L, 59L);"[[ 1.  0.  0.  0.  0.  0.  0.]
 [ 1.  0.  0.  0.  0.  0.  0.]
 [ 1.  0.  0.  0.  0.  0.  0.]
 [ 1.  0.  0.  0.  0.  0.  0.]
 [ 1.  0.  0.  0.  0.  0.  0.]
 [ 1.  0.  0.  0.  0.  0.  0.]
 [ 1.  0.  0.  0.  0.  0.  0.]]";nan;"[[ 1.  0.  0.  0.  0.  0.  0.]
 [ 1.  0.  0.  0.  0.  0.  0.]
 [ 1.  0.  0.  0.  0.  0.  0.]
 [ 1.  0.  0.  0.  0.  0.  0.]
 [ 1.  0.  0.  0.  0.  0.  0.]
 [ 1.  0.  0.  0.  0.  0.  0.]
 [ 1.  0.  0.  0.  0.  0.  0.]]";nan;0.00001
Sat Feb 11 19:02:46 2017;2;3;10;50;0.641;0.613;0.39;0.333;1;LSTM-1sample-3ch;5120;25;50;/home/simon/sleep/;0;<class 'chainer.links.connection.lstm.LSTM'>;[0 1 2 3 4 5 6];"             precision    recall  f1-score   support

          0       0.36      0.43      0.39    805290
          1       0.00      0.00      0.00        90
          2       0.93      0.61      0.74  11477700
          3       0.11      0.35      0.17    457290
          4       0.57      0.80      0.67    905010
          5       0.25      0.71      0.37   1008060
          6       0.00      0.00      0.00         0

avg / total       0.80      0.61      0.67  14653440
";69.25;14 in [ 0  1  2  3  4  5  6  7  8  9 10 11 12 13];(26361000, 3);"[[  5.30e-01   0.00e+00   3.40e-01   2.41e-03   2.26e-04   1.28e-01
    0.00e+00]
 [  2.50e-01   0.00e+00   4.88e-01   1.70e-03   1.37e-03   2.59e-01
    0.00e+00]
 [  3.04e-02   9.69e-06   9.05e-01   9.77e-03   6.34e-03   4.82e-02
    0.00e+00]
 [  1.04e-02   0.00e+00   6.71e-01   1.22e-01   1.91e-01   5.77e-03
    0.00e+00]
 [  4.61e-03   0.00e+00   1.98e-01   1.22e-01   6.74e-01   1.33e-03
    0.00e+00]
 [  3.86e-02   1.08e-05   4.91e-01   2.87e-04   3.08e-04   4.69e-01
    0.00e+00]
 [  5.47e-01   0.00e+00   3.40e-01   1.06e-02   9.55e-03   9.22e-02
    0.00e+00]]";0.90746;"[[  3.59e-01   0.00e+00   5.86e-01   4.40e-03   4.65e-04   5.08e-02
    0.00e+00]
 [  2.00e-01   0.00e+00   7.01e-01   2.76e-03   3.15e-04   9.64e-02
    0.00e+00]
 [  2.91e-02   0.00e+00   9.30e-01   1.20e-02   4.69e-03   2.46e-02
    0.00e+00]
 [  1.35e-02   0.00e+00   7.73e-01   1.09e-01   1.00e-01   3.48e-03
    0.00e+00]
 [  7.23e-03   0.00e+00   2.60e-01   1.59e-01   5.73e-01   7.40e-04
    0.00e+00]
 [  2.15e-02   3.10e-05   7.30e-01   4.14e-04   2.17e-04   2.48e-01
    0.00e+00]
 [  5.88e-01   0.00e+00   2.99e-01   4.50e-03   1.70e-02   9.12e-02
    0.00e+00]]";1.06694;0.00001
Sun Feb 12 16:34:29 2017;13;3;25;2;0.427;0.264;0.218;0.153;3000;LSTM-1sample-3ch;32;25;5;/home/simon/sleep/;0;<class 'chainer.links.connection.lstm.LSTM'>;[0 1 2 3 4 5 6];"             precision    recall  f1-score   support

        0.0       0.14      0.10      0.11       102
        1.0       0.02      0.02      0.02        60
        2.0       0.50      0.37      0.42       465
        3.0       0.11      0.27      0.16        45
        4.0       0.04      0.19      0.06        26
        5.0       0.23      0.25      0.24       173
        6.0       0.11      0.04      0.05        57

avg / total       0.32      0.26      0.28       928
";0.03;2 in [0 1];(979, 9000);"[[ 0.26  0.07  0.51  0.04  0.    0.08  0.04]
 [ 0.07  0.12  0.6   0.04  0.01  0.14  0.02]
 [ 0.05  0.07  0.71  0.03  0.    0.11  0.03]
 [ 0.11  0.11  0.5   0.16  0.01  0.09  0.01]
 [ 0.    0.09  0.36  0.09  0.09  0.    0.36]
 [ 0.05  0.12  0.58  0.05  0.02  0.15  0.03]
 [ 0.    0.    0.5   0.    0.    0.5   0.  ]]";1.86896;"[[ 0.14  0.04  0.46  0.03  0.05  0.22  0.07]
 [ 0.03  0.02  0.61  0.03  0.02  0.19  0.1 ]
 [ 0.13  0.06  0.5   0.03  0.02  0.18  0.09]
 [ 0.12  0.1   0.47  0.11  0.01  0.12  0.06]
 [ 0.11  0.11  0.47  0.06  0.04  0.17  0.05]
 [ 0.1   0.05  0.53  0.05  0.04  0.23  0.01]
 [ 0.06  0.11  0.5   0.    0.06  0.17  0.11]]";1.91277;0.00001
Sun Feb 12 16:34:34 2017;3;3;50;100;0.66;0.599;0.507;0.397;3000;LSTM-1sample-3ch;5120;25;50;/home/simon/sleep/;0;<class 'chainer.links.connection.lstm.LSTM'>;[0 1 2 3 4 5 6];"             precision    recall  f1-score   support

          0       0.47      0.45      0.46   1843590
          1       0.07      0.17      0.10    442170
          2       0.77      0.65      0.70  16879170
          3       0.23      0.36      0.28   2316780
          4       0.50      0.52      0.51   1937430
          5       0.61      0.66      0.63   5876760
          6       0.06      0.18      0.09     87780

avg / total       0.64      0.60      0.62  29383680
";322.15;"31 in [ 0  1  2  3  4  5  6  7  8  9 10 11 12 13 33 34 35 36 37 38 39 40 41 42 43
 44 45 46 47 48 49]";(61125000, 3);"[[  7.03e-01   5.84e-02   1.53e-01   7.57e-03   1.79e-03   6.85e-02
    8.35e-03]
 [  1.67e-01   1.66e-01   4.07e-01   1.44e-02   6.05e-03   2.30e-01
    9.99e-03]
 [  1.29e-02   8.37e-03   7.80e-01   3.96e-02   1.75e-02   1.40e-01
    1.19e-03]
 [  7.75e-03   2.76e-03   4.80e-01   3.14e-01   9.87e-02   9.56e-02
    1.57e-03]
 [  3.40e-03   1.03e-03   1.69e-01   1.85e-01   6.09e-01   3.18e-02
    6.41e-04]
 [  8.36e-03   1.24e-02   2.15e-01   2.29e-02   7.93e-03   7.32e-01
    1.40e-03]
 [  1.57e-01   8.24e-02   4.27e-01   2.85e-02   1.16e-02   1.81e-01
    1.13e-01]]";0.75737;"[[ 0.47  0.05  0.42  0.01  0.    0.03  0.01]
 [ 0.19  0.07  0.53  0.03  0.01  0.16  0.02]
 [ 0.03  0.01  0.77  0.06  0.02  0.11  0.  ]
 [ 0.03  0.01  0.58  0.23  0.08  0.06  0.  ]
 [ 0.02  0.01  0.27  0.18  0.5   0.02  0.  ]
 [ 0.02  0.01  0.29  0.03  0.04  0.61  0.  ]
 [ 0.36  0.08  0.39  0.03  0.01  0.08  0.06]]";1.1805;0.00001
Sun Feb 12 16:35:41 2017;14;3;25;2;0.353;0.258;0.224;0.138;3000;LSTM-1sample-3ch;32;25;5;/home/simon/sleep/;0;<class 'chainer.links.connection.lstm.LSTM'>;[0 1 2 3 4 5 6];"             precision    recall  f1-score   support

        0.0       0.03      0.04      0.03        56
        1.0       0.16      0.13      0.15       142
        2.0       0.31      0.59      0.41       248
        3.0       0.12      0.08      0.10       109
        4.0       0.00      0.00      0.00        52
        5.0       0.34      0.24      0.28       296
        6.0       0.00      0.00      0.00        57

avg / total       0.22      0.26      0.23       960
";0.03;2 in [0 1];(956, 9000);"[[ 0.14  0.15  0.32  0.11  0.08  0.11  0.09]
 [ 0.1   0.23  0.44  0.15  0.    0.1   0.  ]
 [ 0.03  0.14  0.61  0.06  0.04  0.1   0.02]
 [ 0.07  0.19  0.39  0.14  0.06  0.13  0.02]
 [ 0.05  0.11  0.48  0.08  0.12  0.08  0.08]
 [ 0.04  0.25  0.27  0.07  0.02  0.33  0.03]
 [ 0.    0.17  0.67  0.11  0.    0.06  0.  ]]";1.89688;"[[ 0.03  0.25  0.18  0.05  0.01  0.42  0.05]
 [ 0.09  0.16  0.2   0.16  0.02  0.27  0.1 ]
 [ 0.06  0.12  0.31  0.1   0.07  0.29  0.05]
 [ 0.04  0.07  0.32  0.12  0.12  0.3   0.03]
 [ 0.    0.27  0.27  0.18  0.    0.27  0.  ]
 [ 0.06  0.18  0.18  0.14  0.04  0.34  0.07]
 [ 0.    0.    0.    0.    0.    1.    0.  ]]";1.88809;0.00001
Sun Feb 12 16:35:48 2017;15;3;25;2;0.336;0.203;0.157;0.148;3000;LSTM-1sample-3ch;32;25;5;/home/simon/sleep/;0;<class 'chainer.links.connection.lstm.LSTM'>;[0 1 2 3 4 5 6];"             precision    recall  f1-score   support

        0.0       0.09      0.07      0.08        94
        1.0       0.13      0.08      0.10        95
        2.0       0.30      0.39      0.34       265
        3.0       0.10      0.09      0.09       107
        4.0       0.22      0.24      0.23       123
        5.0       0.16      0.14      0.15       212
        6.0       0.06      0.03      0.04        32

avg / total       0.19      0.20      0.19       928
";0.03;2 in [0 1];(979, 9000);"[[ 0.05  0.11  0.34  0.03  0.13  0.32  0.03]
 [ 0.03  0.13  0.5   0.01  0.04  0.27  0.02]
 [ 0.06  0.12  0.52  0.02  0.03  0.23  0.02]
 [ 0.11  0.09  0.49  0.04  0.09  0.12  0.05]
 [ 0.09  0.27  0.    0.18  0.18  0.27  0.  ]
 [ 0.07  0.08  0.48  0.02  0.04  0.27  0.04]
 [ 0.    0.5   0.    0.    0.    0.5   0.  ]]";1.89217;"[[ 0.09  0.09  0.18  0.11  0.12  0.36  0.04]
 [ 0.08  0.13  0.23  0.16  0.16  0.23  0.02]
 [ 0.09  0.09  0.3   0.11  0.14  0.24  0.02]
 [ 0.12  0.1   0.27  0.1   0.09  0.29  0.05]
 [ 0.09  0.08  0.32  0.09  0.22  0.14  0.07]
 [ 0.11  0.14  0.33  0.15  0.09  0.16  0.03]
 [ 0.28  0.    0.11  0.06  0.    0.5   0.06]]";1.91898;0.00001
Sun Feb 12 16:35:55 2017;16;3;25;2;0.413;0.323;0.24;0.122;3000;LSTM-1sample-3ch;32;25;5;/home/simon/sleep/;0;<class 'chainer.links.connection.lstm.LSTM'>;[0 1 2 3 4 5 6];"             precision    recall  f1-score   support

        0.0       0.01      0.02      0.02        51
        1.0       0.08      0.18      0.11        49
        2.0       0.59      0.49      0.53       561
        3.0       0.01      0.04      0.02        23
        4.0       0.18      0.02      0.04        81
        5.0       0.11      0.16      0.13       141
        6.0       0.00      0.00      0.00        54

avg / total       0.38      0.32      0.34       960
";0.02;2 in [0 1];(956, 9000);"[[ 0.22  0.05  0.54  0.03  0.08  0.04  0.04]
 [ 0.08  0.06  0.66  0.02  0.08  0.06  0.03]
 [ 0.05  0.03  0.82  0.02  0.01  0.04  0.03]
 [ 0.06  0.05  0.61  0.13  0.06  0.08  0.02]
 [ 0.06  0.02  0.62  0.02  0.14  0.11  0.02]
 [ 0.05  0.09  0.49  0.06  0.04  0.25  0.03]
 [ 0.06  0.06  0.44  0.06  0.    0.33  0.06]]";1.86021;"[[ 0.01  0.07  0.59  0.05  0.01  0.12  0.14]
 [ 0.06  0.08  0.54  0.02  0.11  0.15  0.04]
 [ 0.04  0.05  0.59  0.02  0.08  0.17  0.05]
 [ 0.07  0.04  0.62  0.01  0.01  0.16  0.08]
 [ 0.    0.    0.64  0.    0.18  0.09  0.09]
 [ 0.09  0.04  0.58  0.02  0.12  0.11  0.04]
 [ 0.    0.    1.    0.    0.    0.    0.  ]]";1.87947;0.00001
Sun Feb 12 16:35:59 2017;17;3;25;2;0.348;0.161;0.15;0.116;3000;LSTM-1sample-3ch;32;25;5;/home/simon/sleep/;0;<class 'chainer.links.connection.lstm.LSTM'>;[0 1 2 3 4 5 6];"             precision    recall  f1-score   support

        0.0       0.11      0.07      0.09       107
        1.0       0.00      0.00      0.00        43
        2.0       0.26      0.36      0.30       244
        3.0       0.07      0.08      0.07        84
        4.0       0.14      0.22      0.17        88
        5.0       0.11      0.18      0.14       124
        6.0       0.28      0.02      0.04       238

avg / total       0.19      0.16      0.14       928
";0.01;2 in [0 1];(979, 9000);"[[ 0.05  0.04  0.42  0.04  0.04  0.3   0.11]
 [ 0.06  0.05  0.4   0.09  0.09  0.18  0.13]
 [ 0.03  0.01  0.6   0.04  0.08  0.14  0.1 ]
 [ 0.01  0.03  0.51  0.07  0.05  0.12  0.2 ]
 [ 0.    0.    0.55  0.    0.09  0.27  0.09]
 [ 0.04  0.03  0.5   0.1   0.07  0.17  0.1 ]
 [ 0.    0.    0.    0.5   0.    0.    0.5 ]]";1.89365;"[[ 0.11  0.08  0.32  0.    0.05  0.14  0.3 ]
 [ 0.06  0.    0.32  0.02  0.1   0.15  0.35]
 [ 0.12  0.03  0.26  0.1   0.08  0.13  0.29]
 [ 0.17  0.05  0.19  0.07  0.15  0.15  0.22]
 [ 0.11  0.12  0.2   0.16  0.14  0.15  0.12]
 [ 0.1   0.03  0.31  0.1   0.07  0.11  0.27]
 [ 0.11  0.06  0.28  0.11  0.06  0.11  0.28]]";1.92951;0.00001
Sun Feb 12 19:32:19 2017;3;3;25;100;0.608;0.584;0.396;0.345;3000;LSTM-1sample-3ch;5120;25;200;/home/simon/sleep/;0;<class 'chainer.links.connection.lstm.LSTM'>;[0 1 2 3 4 5 6];"             precision    recall  f1-score   support

          0       0.35      0.37      0.36   1629690
          1       0.00      0.08      0.00      6840
          2       0.85      0.59      0.70  20507400
          3       0.19      0.37      0.25   1840650
          4       0.57      0.59      0.58   1937430
          5       0.41      0.75      0.53   3459390
          6       0.00      0.11      0.00      2280

avg / total       0.71      0.58      0.62  29383680
";337.93;"31 in [ 0  1  2  3  4  5  6  7  8  9 10 11 12 13 33 34 35 36 37 38 39 40 41 42 43
 44 45 46 47 48 49]";(61125000, 3);"[[  5.39e-01   1.63e-03   4.02e-01   6.40e-03   1.45e-03   4.90e-02
    3.41e-04]
 [  2.08e-01   1.93e-03   6.47e-01   9.18e-03   1.33e-03   1.32e-01
    3.99e-04]
 [  2.12e-02   1.18e-04   8.68e-01   4.53e-02   8.91e-03   5.68e-02
    2.45e-05]
 [  4.74e-03   2.91e-05   5.65e-01   2.66e-01   1.36e-01   2.77e-02
    8.32e-06]
 [  2.69e-03   0.00e+00   2.59e-01   1.40e-01   5.95e-01   4.01e-03
    6.05e-06]
 [  1.24e-02   2.88e-04   5.31e-01   2.09e-02   4.91e-03   4.31e-01
    3.49e-05]
 [  2.19e-01   5.86e-03   6.42e-01   2.52e-02   1.41e-02   9.20e-02
    1.67e-03]]";1.00547;"[[  3.47e-01   4.81e-04   6.19e-01   1.16e-02   1.87e-03   1.91e-02
    3.09e-04]
 [  2.13e-01   4.97e-04   6.93e-01   6.49e-03   5.28e-03   8.25e-02
    0.00e+00]
 [  3.32e-02   2.03e-04   8.49e-01   5.73e-02   1.47e-02   4.54e-02
    6.91e-05]
 [  3.13e-02   4.98e-05   6.17e-01   1.89e-01   1.44e-01   1.85e-02
    8.30e-06]
 [  1.41e-02   1.64e-04   2.98e-01   1.16e-01   5.65e-01   7.49e-03
    5.98e-05]
 [  1.62e-02   1.65e-04   5.55e-01   1.16e-02   9.39e-03   4.07e-01
    5.67e-05]
 [  2.76e-01   3.75e-03   6.17e-01   1.87e-02   1.07e-02   7.27e-02
    9.09e-04]]";1.14429;0.00001
Mon Feb 13 12:12:53 2017;4;3;25;100;0.889;0.366;0.77;0.209;3000;LSTM-1sample-3ch;32;25;20;/home/simon/sleep/;0;<class 'chainer.links.connection.lstm.LSTM'>;[0 1 2 3 4 5 6];"             precision    recall  f1-score   support

        0.0       0.25      0.17      0.20      1359
        1.0       0.03      0.04      0.03       711
        2.0       0.49      0.53      0.51      9278
        3.0       0.18      0.16      0.17      2526
        4.0       0.23      0.20      0.21      1784
        5.0       0.33      0.33      0.33      4658
        6.0       0.00      0.01      0.01       100

avg / total       0.36      0.37      0.36     20416
";7.91;"31 in [ 0  1  2  3  4  5  6  7  8  9 10 11 12 13 33 34 35 36 37 38 39 40 41 42 43
 44 45 46 47 48 49]";(20423, 23);"[[  9.09e-01   5.32e-02   1.05e-02   3.00e-03   2.25e-03   1.50e-02
    7.49e-03]
 [  1.10e-01   5.72e-01   1.65e-01   1.18e-03   1.18e-03   1.40e-01
    1.06e-02]
 [  1.71e-03   9.49e-03   9.26e-01   4.66e-02   6.40e-04   1.35e-02
    1.81e-03]
 [  0.00e+00   0.00e+00   1.22e-01   7.48e-01   1.29e-01   0.00e+00
    1.96e-03]
 [  0.00e+00   0.00e+00   6.24e-04   9.86e-02   9.01e-01   0.00e+00
    0.00e+00]
 [  1.55e-03   1.06e-02   1.95e-02   4.44e-04   0.00e+00   9.67e-01
    1.11e-03]
 [  1.61e-01   9.14e-02   1.99e-01   6.99e-02   1.08e-02   1.77e-01
    2.90e-01]]";0.2864;"[[ 0.25  0.06  0.36  0.05  0.01  0.25  0.01]
 [ 0.08  0.03  0.52  0.1   0.06  0.21  0.  ]
 [ 0.06  0.03  0.49  0.12  0.08  0.21  0.01]
 [ 0.07  0.03  0.38  0.18  0.15  0.18  0.  ]
 [ 0.09  0.03  0.32  0.25  0.23  0.07  0.  ]
 [ 0.04  0.05  0.45  0.08  0.04  0.33  0.  ]
 [ 0.03  0.05  0.51  0.12  0.06  0.23  0.  ]]";3.94508;0.00001
Mon Feb 13 12:28:00 2017;5;3;25;100;0.473;0.461;0.092;0.09;3000;LSTM-1sample-3ch;32;25;20;/home/simon/sleep/;0;<class 'chainer.links.connection.lstm.LSTM'>;[0 1 2 3 4 5 6];"             precision    recall  f1-score   support

        0.0       0.00      0.00      0.00         0
        1.0       0.00      0.00      0.00         0
        2.0       1.00      0.46      0.63      9760
        3.0       0.00      0.00      0.00         0
        4.0       0.00      0.00      0.00         0
        5.0       0.00      0.00      0.00         0
        6.0       0.00      0.00      0.00         0

avg / total       1.00      0.46      0.63      9760
";6.43;"31 in [ 0  1  2  3  4  5  6  7  8  9 10 11 12 13 33 34 35 36 37 38 39 40 41 42 43
 44 45 46 47 48 49]";(20401, 23);"[[ 0.  0.  1.  0.  0.  0.  0.]
 [ 0.  0.  1.  0.  0.  0.  0.]
 [ 0.  0.  1.  0.  0.  0.  0.]
 [ 0.  0.  1.  0.  0.  0.  0.]
 [ 0.  0.  1.  0.  0.  0.  0.]
 [ 0.  0.  1.  0.  0.  0.  0.]
 [ 0.  0.  1.  0.  0.  0.  0.]]";1.4736;"[[ 0.  0.  1.  0.  0.  0.  0.]
 [ 0.  0.  1.  0.  0.  0.  0.]
 [ 0.  0.  1.  0.  0.  0.  0.]
 [ 0.  0.  1.  0.  0.  0.  0.]
 [ 0.  0.  1.  0.  0.  0.  0.]
 [ 0.  0.  1.  0.  0.  0.  0.]
 [ 0.  0.  1.  0.  0.  0.  0.]]";1.53094;0.00001
Mon Feb 13 12:36:30 2017;6;3;25;100;0.697;0.606;0.388;0.344;3000;LSTM-testing;32;25;200;/home/simon/sleep/;0;<class 'chainer.links.connection.lstm.LSTM'>;[0 1 2 3 4 5 6];"             precision    recall  f1-score   support

        0.0       0.00      0.00      0.00         0
        1.0       0.00      0.00      0.00         0
        2.0       0.79      0.67      0.73      5039
        3.0       0.37      0.49      0.42       842
        4.0       0.69      0.64      0.67       908
        5.0       0.73      0.51      0.60      2939
        6.0       0.00      0.00      0.00         0

avg / total       0.72      0.61      0.66      9728
";6.35;"31 in [ 0  1  2  3  4  5  6  7  8  9 10 11 12 13 33 34 35 36 37 38 39 40 41 42 43
 44 45 46 47 48 49]";(20421, 7);"[[ 0.    0.    0.2   0.    0.02  0.78  0.  ]
 [ 0.    0.    0.3   0.02  0.04  0.65  0.  ]
 [ 0.    0.    0.84  0.04  0.01  0.1   0.  ]
 [ 0.    0.    0.35  0.44  0.21  0.    0.  ]
 [ 0.    0.    0.04  0.16  0.81  0.    0.  ]
 [ 0.    0.    0.19  0.    0.    0.8   0.  ]
 [ 0.    0.    0.51  0.1   0.11  0.29  0.  ]]";0.85729;"[[  0.00e+00   0.00e+00   3.60e-01   2.69e-02   1.28e-02   6.00e-01
    0.00e+00]
 [  0.00e+00   0.00e+00   3.83e-01   5.77e-03   2.50e-02   5.87e-01
    0.00e+00]
 [  0.00e+00   0.00e+00   7.88e-01   4.18e-02   2.11e-02   1.49e-01
    0.00e+00]
 [  0.00e+00   0.00e+00   4.45e-01   3.67e-01   1.78e-01   9.80e-03
    0.00e+00]
 [  0.00e+00   0.00e+00   5.31e-02   2.56e-01   6.90e-01   1.18e-03
    0.00e+00]
 [  0.00e+00   0.00e+00   2.73e-01   9.69e-04   4.84e-04   7.25e-01
    0.00e+00]
 [  0.00e+00   0.00e+00   6.67e-01   8.64e-02   9.88e-02   1.48e-01
    0.00e+00]]";1.04953;0.00001
Mon Feb 13 12:46:38 2017;7;3;25;100;0.82;0.343;0.6;0.177;3000;LSTM-testing;32;25;200;/home/simon/sleep/;0;<class 'chainer.links.connection.lstm.LSTM'>;[0 1 2 3 4 5 6];"             precision    recall  f1-score   support

        0.0       0.13      0.15      0.14      1125
        1.0       0.01      0.03      0.02       262
        2.0       0.50      0.47      0.49     10376
        3.0       0.14      0.15      0.15      2163
        4.0       0.19      0.15      0.17      1762
        5.0       0.29      0.28      0.28      4792
        6.0       0.00      0.00      0.00         0

avg / total       0.36      0.34      0.35     20480
";7.97;"31 in [ 0  1  2  3  4  5  6  7  8  9 10 11 12 13 33 34 35 36 37 38 39 40 41 42 43
 44 45 46 47 48 49]";(20499, 7);"[[  7.61e-01   5.53e-02   1.12e-01   6.15e-03   2.63e-03   6.23e-02
    0.00e+00]
 [  1.84e-01   1.41e-01   3.36e-01   5.40e-03   4.32e-03   3.29e-01
    0.00e+00]
 [  6.94e-03   3.47e-03   9.24e-01   3.89e-02   1.26e-03   2.57e-02
    0.00e+00]
 [  0.00e+00   0.00e+00   2.89e-01   5.80e-01   1.31e-01   3.93e-04
    0.00e+00]
 [  0.00e+00   0.00e+00   4.11e-03   1.70e-01   8.26e-01   0.00e+00
    0.00e+00]
 [  2.24e-03   6.05e-03   6.68e-02   1.12e-03   0.00e+00   9.24e-01
    0.00e+00]
 [  6.09e-02   4.06e-02   5.69e-01   6.09e-02   2.03e-02   2.49e-01
    0.00e+00]]";0.5261;"[[ 0.13  0.01  0.46  0.05  0.09  0.26  0.  ]
 [ 0.05  0.01  0.5   0.08  0.05  0.3   0.  ]
 [ 0.05  0.01  0.5   0.11  0.08  0.24  0.  ]
 [ 0.04  0.01  0.54  0.14  0.11  0.15  0.  ]
 [ 0.1   0.01  0.47  0.14  0.19  0.09  0.  ]
 [ 0.03  0.01  0.52  0.09  0.06  0.29  0.  ]
 [ 0.06  0.01  0.53  0.11  0.09  0.21  0.  ]]";2.72374;0.00001
Mon Feb 13 12:51:05 2017;7;3;25;100;0.856;0.385;0.639;0.212;3000;LSTM-testing;32;25;200;/home/simon/sleep/;0;<class 'chainer.links.connection.lstm.LSTM'>;[0 1 2 3 4 5 6];"             precision    recall  f1-score   support

        0.0       0.27      0.17      0.21      1467
        1.0       0.01      0.03      0.02       293
        2.0       0.53      0.53      0.53      9895
        3.0       0.17      0.17      0.17      2320
        4.0       0.23      0.22      0.22      1594
        5.0       0.35      0.34      0.34      4847
        6.0       0.00      0.00      0.00         0

avg / total       0.40      0.38      0.39     20416
";7.71;"31 in [ 0  1  2  3  4  5  6  7  8  9 10 11 12 13 33 34 35 36 37 38 39 40 41 42 43
 44 45 46 47 48 49]";(20423, 23);"[[  8.64e-01   5.24e-02   4.34e-02   3.00e-03   3.00e-03   3.37e-02
    0.00e+00]
 [  3.00e-01   1.86e-01   2.50e-01   1.18e-03   2.36e-03   2.60e-01
    0.00e+00]
 [  3.94e-03   3.52e-03   9.36e-01   3.36e-02   1.28e-03   2.19e-02
    0.00e+00]
 [  0.00e+00   0.00e+00   2.34e-01   6.73e-01   9.31e-02   0.00e+00
    0.00e+00]
 [  0.00e+00   0.00e+00   4.99e-03   1.64e-01   8.31e-01   0.00e+00
    0.00e+00]
 [  4.44e-04   3.55e-03   3.37e-02   1.11e-03   4.44e-04   9.61e-01
    0.00e+00]
 [  1.02e-01   8.60e-02   4.89e-01   5.91e-02   2.69e-02   2.37e-01
    0.00e+00]]";0.41439;"[[ 0.27  0.02  0.4   0.03  0.02  0.26  0.  ]
 [ 0.08  0.01  0.55  0.08  0.06  0.22  0.  ]
 [ 0.06  0.01  0.53  0.11  0.07  0.22  0.  ]
 [ 0.07  0.01  0.43  0.17  0.13  0.19  0.  ]
 [ 0.1   0.01  0.35  0.23  0.23  0.08  0.  ]
 [ 0.05  0.02  0.47  0.08  0.03  0.35  0.  ]
 [ 0.03  0.04  0.54  0.1   0.04  0.25  0.  ]]";2.76749;0.00001
Mon Feb 13 13:34:51 2017;8;3;25;100;0.839;0.73;0.596;0.523;3000;LSTM-testing;32;25;200;/home/simon/sleep/;0;<class 'chainer.links.connection.lstm.LSTM'>;[0 1 2 3 4 5 6];"             precision    recall  f1-score   support

        0.0       0.66      0.74      0.70       740
        1.0       0.07      0.27      0.11       123
        2.0       0.88      0.74      0.81      4934
        3.0       0.54      0.69      0.61      1091
        4.0       0.73      0.61      0.66       673
        5.0       0.78      0.79      0.78      2103
        6.0       0.00      0.00      0.00         0

avg / total       0.78      0.73      0.75      9664
";6.42;"31 in [ 0  1  2  3  4  5  6  7  8  9 10 11 12 13 33 34 35 36 37 38 39 40 41 42 43
 44 45 46 47 48 49]";(20477, 7);"[[  7.25e-01   4.87e-02   1.23e-01   5.41e-03   1.08e-02   8.66e-02
    0.00e+00]
 [  2.19e-01   9.40e-02   3.41e-01   3.61e-03   6.02e-03   3.36e-01
    0.00e+00]
 [  4.80e-03   3.70e-03   9.34e-01   3.02e-02   2.80e-03   2.45e-02
    0.00e+00]
 [  4.53e-04   0.00e+00   2.56e-01   6.21e-01   1.22e-01   4.53e-04
    0.00e+00]
 [  0.00e+00   0.00e+00   3.40e-03   1.47e-01   8.49e-01   0.00e+00
    0.00e+00]
 [  4.84e-03   3.96e-03   6.23e-02   2.20e-04   2.20e-04   9.28e-01
    0.00e+00]
 [  3.16e-02   4.74e-02   6.16e-01   3.16e-02   2.11e-02   2.53e-01
    0.00e+00]]";0.46899;"[[ 0.66  0.06  0.23  0.    0.    0.04  0.  ]
 [ 0.28  0.07  0.33  0.    0.    0.31  0.  ]
 [ 0.01  0.01  0.88  0.04  0.    0.06  0.  ]
 [ 0.    0.    0.29  0.54  0.17  0.    0.  ]
 [ 0.    0.    0.    0.27  0.73  0.    0.  ]
 [ 0.    0.01  0.21  0.    0.    0.78  0.  ]
 [ 0.12  0.02  0.52  0.09  0.08  0.17  0.  ]]";0.777;0.00001
Mon Feb 13 13:36:01 2017;8;3;25;100;0.695;0.665;0.461;0.417;3000;LSTM-testing-nonorm;32;25;200;/home/simon/sleep/;0;<class 'chainer.links.connection.lstm.LSTM'>;[0 1 2 3 4 5 6];"             precision    recall  f1-score   support

        0.0       0.30      0.51      0.38       342
        1.0       0.00      0.00      0.00         1
        2.0       0.79      0.73      0.76      5155
        3.0       0.35      0.54      0.42       780
        4.0       0.62      0.73      0.67       569
        5.0       0.83      0.60      0.69      2945
        6.0       0.00      0.00      0.00         0

avg / total       0.74      0.67      0.69      9792
";6.48;"31 in [ 0  1  2  3  4  5  6  7  8  9 10 11 12 13 33 34 35 36 37 38 39 40 41 42 43
 44 45 46 47 48 49]";(20375, 7);"[[  5.12e-01   0.00e+00   3.59e-01   8.32e-03   2.50e-03   1.17e-01
    0.00e+00]
 [  2.25e-01   2.10e-03   4.36e-01   1.26e-02   1.37e-02   3.11e-01
    0.00e+00]
 [  1.23e-02   1.07e-04   8.33e-01   3.03e-02   4.91e-03   1.20e-01
    0.00e+00]
 [  0.00e+00   0.00e+00   4.59e-01   3.61e-01   1.71e-01   8.74e-03
    0.00e+00]
 [  0.00e+00   0.00e+00   4.17e-02   2.32e-01   7.25e-01   1.21e-03
    0.00e+00]
 [  1.91e-02   2.19e-04   1.78e-01   2.85e-03   0.00e+00   8.00e-01
    0.00e+00]
 [  4.29e-02   0.00e+00   6.24e-01   6.19e-02   5.24e-02   2.19e-01
    0.00e+00]]";0.87647;"[[  2.99e-01   0.00e+00   3.16e-01   1.20e-02   1.55e-02   3.57e-01
    0.00e+00]
 [  1.66e-01   0.00e+00   2.93e-01   1.93e-02   1.10e-02   5.11e-01
    0.00e+00]
 [  2.05e-02   2.10e-04   7.86e-01   2.87e-02   5.66e-03   1.59e-01
    0.00e+00]
 [  2.49e-03   0.00e+00   5.50e-01   3.49e-01   8.46e-02   1.33e-02
    0.00e+00]
 [  0.00e+00   0.00e+00   9.27e-02   2.88e-01   6.19e-01   0.00e+00
    0.00e+00]
 [  2.84e-03   0.00e+00   1.63e-01   9.45e-04   2.36e-03   8.31e-01
    0.00e+00]
 [  1.14e-02   0.00e+00   5.45e-01   1.48e-01   9.09e-02   2.05e-01
    0.00e+00]]";0.93887;0.00001
Mon Feb 13 13:49:34 2017;9;3;25;100;0.46;0.487;0.09;0.094;3000;LSTM-testing-nonorm;32;25;200;/home/simon/sleep/;0;<class 'chainer.links.connection.lstm.LSTM'>;[0 1 2 3 4 5 6];"             precision    recall  f1-score   support

        0.0       0.00      0.00      0.00         0
        1.0       0.00      0.00      0.00         0
        2.0       1.00      0.49      0.66      9792
        3.0       0.00      0.00      0.00         0
        4.0       0.00      0.00      0.00         0
        5.0       0.00      0.00      0.00         0
        6.0       0.00      0.00      0.00         0

avg / total       1.00      0.49      0.66      9792
";6.37;"31 in [ 0  1  2  3  4  5  6  7  8  9 10 11 12 13 33 34 35 36 37 38 39 40 41 42 43
 44 45 46 47 48 49]";(20375, 23);"[[ 0.  0.  1.  0.  0.  0.  0.]
 [ 0.  0.  1.  0.  0.  0.  0.]
 [ 0.  0.  1.  0.  0.  0.  0.]
 [ 0.  0.  1.  0.  0.  0.  0.]
 [ 0.  0.  1.  0.  0.  0.  0.]
 [ 0.  0.  1.  0.  0.  0.  0.]
 [ 0.  0.  1.  0.  0.  0.  0.]]";1.50714;"[[ 0.  0.  1.  0.  0.  0.  0.]
 [ 0.  0.  1.  0.  0.  0.  0.]
 [ 0.  0.  1.  0.  0.  0.  0.]
 [ 0.  0.  1.  0.  0.  0.  0.]
 [ 0.  0.  1.  0.  0.  0.  0.]
 [ 0.  0.  1.  0.  0.  0.  0.]
 [ 0.  0.  1.  0.  0.  0.  0.]]";1.45932;0.00001
Mon Feb 13 13:49:41 2017;9;3;25;100;0.46;0.487;0.09;0.094;3000;LSTM-testing-norm;32;25;200;/home/simon/sleep/;0;<class 'chainer.links.connection.lstm.LSTM'>;[0 1 2 3 4 5 6];"             precision    recall  f1-score   support

        0.0       0.00      0.00      0.00         0
        1.0       0.00      0.00      0.00         0
        2.0       1.00      0.49      0.66      9792
        3.0       0.00      0.00      0.00         0
        4.0       0.00      0.00      0.00         0
        5.0       0.00      0.00      0.00         0
        6.0       0.00      0.00      0.00         0

avg / total       1.00      0.49      0.66      9792
";6.38;"31 in [ 0  1  2  3  4  5  6  7  8  9 10 11 12 13 33 34 35 36 37 38 39 40 41 42 43
 44 45 46 47 48 49]";(20375, 23);"[[ 0.  0.  1.  0.  0.  0.  0.]
 [ 0.  0.  1.  0.  0.  0.  0.]
 [ 0.  0.  1.  0.  0.  0.  0.]
 [ 0.  0.  1.  0.  0.  0.  0.]
 [ 0.  0.  1.  0.  0.  0.  0.]
 [ 0.  0.  1.  0.  0.  0.  0.]
 [ 0.  0.  1.  0.  0.  0.  0.]]";1.5073;"[[ 0.  0.  1.  0.  0.  0.  0.]
 [ 0.  0.  1.  0.  0.  0.  0.]
 [ 0.  0.  1.  0.  0.  0.  0.]
 [ 0.  0.  1.  0.  0.  0.  0.]
 [ 0.  0.  1.  0.  0.  0.  0.]
 [ 0.  0.  1.  0.  0.  0.  0.]
 [ 0.  0.  1.  0.  0.  0.  0.]]";1.45948;0.00001
Mon Feb 13 14:13:07 2017;10;3;25;100;0.863;0.756;0.676;0.542;3000;LSTM-testing-norm-3ch;32;25;200;/home/simon/sleep/;0;<class 'chainer.links.connection.lstm.LSTM'>;[0 1 2 3 4 5 6];"             precision    recall  f1-score   support

        0.0       0.71      0.70      0.71       586
        1.0       0.25      0.22      0.23       417
        2.0       0.88      0.82      0.85      5130
        3.0       0.53      0.56      0.54      1135
        4.0       0.59      0.72      0.65       550
        5.0       0.79      0.85      0.82      1974
        6.0       0.00      0.00      0.00         0

avg / total       0.77      0.76      0.76      9792
";6.31;"31 in [ 0  1  2  3  4  5  6  7  8  9 10 11 12 13 33 34 35 36 37 38 39 40 41 42 43
 44 45 46 47 48 49]";(20375, 21);"[[  8.63e-01   7.82e-02   2.66e-02   1.66e-03   1.66e-03   2.91e-02
    0.00e+00]
 [  1.33e-01   4.10e-01   2.80e-01   0.00e+00   1.05e-03   1.75e-01
    0.00e+00]
 [  5.34e-04   1.13e-02   9.41e-01   3.49e-02   5.34e-04   1.18e-02
    0.00e+00]
 [  1.25e-03   0.00e+00   2.23e-01   6.61e-01   1.14e-01   4.16e-04
    0.00e+00]
 [  0.00e+00   0.00e+00   6.05e-04   1.48e-01   8.51e-01   0.00e+00
    0.00e+00]
 [  1.32e-03   8.56e-03   4.12e-02   1.76e-03   0.00e+00   9.47e-01
    0.00e+00]
 [  8.10e-02   1.62e-01   4.86e-01   4.76e-02   3.33e-02   1.90e-01
    0.00e+00]]";0.38544;"[[  7.10e-01   1.24e-01   1.13e-01   5.15e-03   5.15e-03   4.30e-02
    0.00e+00]
 [  1.80e-01   2.51e-01   2.68e-01   5.52e-03   0.00e+00   2.96e-01
    0.00e+00]
 [  8.60e-03   2.54e-02   8.79e-01   4.93e-02   4.82e-03   3.29e-02
    0.00e+00]
 [  2.74e-02   1.66e-03   3.43e-01   5.26e-01   1.02e-01   0.00e+00
    0.00e+00]
 [  7.47e-03   0.00e+00   2.39e-02   3.80e-01   5.89e-01   0.00e+00
    0.00e+00]
 [  4.73e-03   5.43e-02   1.49e-01   4.73e-04   0.00e+00   7.92e-01
    0.00e+00]
 [  2.16e-01   1.82e-01   3.41e-01   6.82e-02   7.95e-02   1.14e-01
    0.00e+00]]";0.6788;0.00001
Mon Feb 13 14:13:19 2017;10;3;25;100;0.59;0.561;0.282;0.224;3000;LSTM-testing-nonorm-3ch;32;25;200;/home/simon/sleep/;0;<class 'chainer.links.connection.lstm.LSTM'>;[0 1 2 3 4 5 6];"             precision    recall  f1-score   support

        0.0       0.03      0.24      0.06        78
        1.0       0.00      0.00      0.00         0
        2.0       0.85      0.60      0.70      6835
        3.0       0.01      0.12      0.01        66
        4.0       0.19      0.25      0.22       512
        5.0       0.60      0.55      0.58      2301
        6.0       0.00      0.00      0.00         0

avg / total       0.75      0.56      0.64      9792
";6.41;"31 in [ 0  1  2  3  4  5  6  7  8  9 10 11 12 13 33 34 35 36 37 38 39 40 41 42 43
 44 45 46 47 48 49]";(20375, 21);"[[ 0.03  0.    0.62  0.    0.    0.34  0.  ]
 [ 0.01  0.    0.59  0.    0.01  0.38  0.  ]
 [ 0.    0.    0.85  0.    0.03  0.12  0.  ]
 [ 0.    0.    0.75  0.01  0.17  0.06  0.  ]
 [ 0.    0.    0.41  0.02  0.54  0.02  0.  ]
 [ 0.01  0.    0.31  0.    0.01  0.68  0.  ]
 [ 0.01  0.    0.64  0.    0.05  0.29  0.  ]]";1.13127;"[[ 0.03  0.    0.57  0.    0.02  0.38  0.  ]
 [ 0.03  0.    0.62  0.    0.03  0.32  0.  ]
 [ 0.    0.    0.85  0.    0.04  0.1   0.  ]
 [ 0.    0.    0.79  0.01  0.1   0.11  0.  ]
 [ 0.    0.    0.68  0.03  0.19  0.09  0.  ]
 [ 0.02  0.    0.35  0.01  0.02  0.6   0.  ]
 [ 0.01  0.    0.76  0.    0.06  0.17  0.  ]]";1.2753;0.00001
Mon Feb 13 14:23:19 2017;11;3;50;100;0.846;0.755;0.619;0.539;3000;LSTM-testing-norm-3ch;32;100;;/home/simon/sleep/;0;<class 'chainer.links.connection.lstm.LSTM'>;[0 1 2 3 4 5 6];"             precision    recall  f1-score   support

        0.0       0.73      0.71      0.72       696
        1.0       0.07      0.34      0.12       106
        2.0       0.88      0.80      0.84      4970
        3.0       0.58      0.58      0.58      1259
        4.0       0.66      0.73      0.70       679
        5.0       0.84      0.81      0.82      2050
        6.0       0.00      0.00      0.00         0

avg / total       0.80      0.76      0.77      9760
";6.33;"31 in [ 0  1  2  3  4  5  6  7  8  9 10 11 12 13 33 34 35 36 37 38 39 40 41 42 43
 44 45 46 47 48 49]";(20401, 21);"[[  8.57e-01   2.16e-02   6.20e-02   4.49e-03   1.80e-03   5.30e-02
    0.00e+00]
 [  2.41e-01   1.21e-01   3.81e-01   1.20e-03   7.20e-03   2.48e-01
    0.00e+00]
 [  3.43e-03   2.91e-03   9.35e-01   3.33e-02   1.66e-03   2.38e-02
    0.00e+00]
 [  4.28e-04   0.00e+00   2.59e-01   6.22e-01   1.18e-01   0.00e+00
    0.00e+00]
 [  0.00e+00   0.00e+00   3.18e-03   1.50e-01   8.47e-01   0.00e+00
    0.00e+00]
 [  2.13e-03   1.06e-03   5.91e-02   6.38e-04   2.13e-04   9.37e-01
    0.00e+00]
 [  7.25e-02   4.66e-02   5.54e-01   4.15e-02   4.66e-02   2.38e-01
    0.00e+00]]";0.45564;"[[  7.32e-01   5.65e-02   1.29e-01   4.46e-03   7.44e-03   6.99e-02
    0.00e+00]
 [  2.10e-01   7.48e-02   3.74e-01   0.00e+00   6.24e-03   3.35e-01
    0.00e+00]
 [  9.57e-03   5.12e-03   8.80e-01   6.21e-02   7.56e-03   3.58e-02
    0.00e+00]
 [  7.87e-04   7.87e-04   3.19e-01   5.75e-01   1.03e-01   7.87e-04
    0.00e+00]
 [  0.00e+00   0.00e+00   1.87e-02   3.17e-01   6.64e-01   0.00e+00
    0.00e+00]
 [  2.32e-02   4.03e-03   1.35e-01   1.51e-03   0.00e+00   8.36e-01
    0.00e+00]
 [  1.24e-01   0.00e+00   5.62e-01   4.76e-02   7.62e-02   1.90e-01
    0.00e+00]]";0.68532;0.00001
Mon Feb 13 14:44:24 2017;12;3;50;100;0.815;0.73;0.567;0.489;3000;LSTM-testing-norm-3ch;32;300;;/home/simon/sleep/;0;<class 'chainer.links.connection.lstm.LSTM'>;[0 1 2 3 4 5 6];"             precision    recall  f1-score   support

        0.0       0.76      0.48      0.59       703
        1.0       0.00      0.00      0.00         0
        2.0       0.83      0.80      0.82      4967
        3.0       0.54      0.48      0.51      1183
        4.0       0.81      0.65      0.72       908
        5.0       0.75      0.84      0.79      1967
        6.0       0.00      0.00      0.00         0

avg / total       0.77      0.73      0.75      9728
";9.16;"31 in [ 0  1  2  3  4  5  6  7  8  9 10 11 12 13 33 34 35 36 37 38 39 40 41 42 43
 44 45 46 47 48 49]";(20423, 21);"[[  8.10e-01   1.50e-03   1.20e-01   4.49e-03   4.49e-03   5.99e-02
    0.00e+00]
 [  3.29e-01   4.71e-03   3.58e-01   0.00e+00   7.07e-03   3.02e-01
    0.00e+00]
 [  1.09e-02   0.00e+00   9.13e-01   4.14e-02   3.63e-03   3.11e-02
    0.00e+00]
 [  0.00e+00   0.00e+00   2.61e-01   6.06e-01   1.31e-01   7.82e-04
    0.00e+00]
 [  0.00e+00   0.00e+00   6.87e-03   1.82e-01   8.10e-01   6.24e-04
    0.00e+00]
 [  2.00e-03   0.00e+00   7.67e-02   2.00e-03   6.65e-04   9.19e-01
    0.00e+00]
 [  8.60e-02   0.00e+00   5.22e-01   5.91e-02   7.53e-02   2.58e-01
    0.00e+00]]";0.56288;"[[ 0.76  0.    0.16  0.    0.02  0.07  0.  ]
 [ 0.28  0.    0.49  0.01  0.01  0.21  0.  ]
 [ 0.02  0.    0.83  0.1   0.01  0.04  0.  ]
 [ 0.    0.    0.22  0.54  0.24  0.    0.  ]
 [ 0.    0.    0.    0.19  0.81  0.    0.  ]
 [ 0.07  0.    0.18  0.    0.    0.75  0.  ]
 [ 0.05  0.    0.71  0.05  0.04  0.14  0.  ]]";0.75209;0.00000001
Mon Feb 13 14:48:03 2017;12;3;10;150;0.672;0.64;0.371;0.327;3000;LSTM-testing-norm-3ch;32;300;;/home/simon/sleep/;0;<class 'chainer.links.connection.lstm.LSTM'>;[0 1 2 3 4 5 6];"             precision    recall  f1-score   support

        0.0       0.00      0.00      0.00         0
        1.0       0.00      0.00      0.00         0
        2.0       0.84      0.68      0.75      5875
        3.0       0.32      0.44      0.37       856
        4.0       0.33      0.80      0.47       277
        5.0       0.78      0.60      0.68      2739
        6.0       0.01      0.02      0.02        45

avg / total       0.76      0.64      0.69      9792
";11.99;"31 in [ 0  1  2  3  4  5  6  7  8  9 10 11 12 13 33 34 35 36 37 38 39 40 41 42 43
 44 45 46 47 48 49]";(20375, 21);"[[  8.32e-04   0.00e+00   8.54e-01   2.00e-02   0.00e+00   1.04e-01
    2.08e-02]
 [  0.00e+00   0.00e+00   6.96e-01   1.16e-02   0.00e+00   2.92e-01
    0.00e+00]
 [  0.00e+00   0.00e+00   8.85e-01   3.92e-02   3.41e-03   7.29e-02
    0.00e+00]
 [  0.00e+00   0.00e+00   4.05e-01   4.42e-01   1.51e-01   2.50e-03
    0.00e+00]
 [  0.00e+00   0.00e+00   3.57e-02   4.08e-01   5.56e-01   0.00e+00
    0.00e+00]
 [  0.00e+00   0.00e+00   2.48e-01   2.19e-03   8.78e-04   7.49e-01
    0.00e+00]
 [  0.00e+00   0.00e+00   7.05e-01   8.57e-02   9.52e-03   2.00e-01
    0.00e+00]]";1.02979;"[[  0.00e+00   0.00e+00   6.03e-01   1.89e-02   1.72e-03   3.01e-01
    7.56e-02]
 [  0.00e+00   0.00e+00   4.89e-01   1.38e-02   0.00e+00   4.97e-01
    0.00e+00]
 [  0.00e+00   0.00e+00   8.42e-01   1.59e-02   6.29e-04   1.42e-01
    0.00e+00]
 [  0.00e+00   0.00e+00   6.05e-01   3.15e-01   4.15e-02   3.82e-02
    0.00e+00]
 [  0.00e+00   0.00e+00   1.00e-01   5.68e-01   3.32e-01   0.00e+00
    0.00e+00]
