{"27 Val-F1": "0.582", "Weightdecay": 1e-05, "21 Val-Acc": "0.829", "15 Epochs": 100, "20 Train-Acc": "0.880", "Link": "<class 'chainer.links.connection.lstm.LSTM'>", "1 Time": "Wed Feb 22 15:55:29 2017", "Report": "             precision    recall  f1-score   support\n\n        0.0       0.69      0.77      0.73       519\n        1.0       0.16      0.32      0.21       178\n        2.0       0.91      0.83      0.87      5187\n        3.0       0.76      0.84      0.80      1696\n        5.0       0.90      0.86      0.88      2212\n        8.0       0.00      0.00      0.00         0\n\navg / total       0.86      0.83      0.84      9792\n", "Val-Loss": "0.48147", "Val-Confusion": "[[  6.91e-01   9.62e-02   1.31e-01   1.20e-02   7.04e-02   0.00e+00]\n [  1.91e-01   1.57e-01   3.07e-01   5.52e-03   3.40e-01   0.00e+00]\n [  5.03e-03   7.97e-03   9.08e-01   5.26e-02   2.68e-02   0.00e+00]\n [  1.07e-03   0.00e+00   2.36e-01   7.61e-01   1.07e-03   0.00e+00]\n [  4.73e-03   8.51e-03   8.60e-02   4.73e-04   9.00e-01   0.00e+00]\n [  1.36e-01   1.02e-01   5.23e-01   9.09e-02   1.48e-01   0.00e+00]]", "Future": 0, "Runtime": "7.10", "Cutoff": null, "Clipping": 25, "Selection": "31 in [ 0  1  2  3  4  5  6  7  8  9 10 11 12 13 33 34 35 36 37 38 39 40 41 42 43\n 44 45 46 47 48 49]", "NLabels": "[0 1 2 3 5 8]", "5 Layers": 3, "30 Comment": "inter 50 3000", "10 Neurons": 50, "Dataset": "/home/simon/sleep/", "Shape": "(20375, 36)", "22 Train-F1": "0.659", "Batch-Size": 64, "29 Chunksize": "3000", "Train-Loss": "0.36139", "2 Number": 87, "Train-Confusion": "[[  8.41e-01   7.15e-02   4.24e-02   2.50e-03   4.24e-02   0.00e+00]\n [  1.46e-01   3.00e-01   3.08e-01   4.20e-03   2.42e-01   0.00e+00]\n [  9.60e-04   7.58e-03   9.39e-01   3.56e-02   1.73e-02   0.00e+00]\n [  4.93e-04   0.00e+00   1.29e-01   8.70e-01   2.46e-04   0.00e+00]\n [  2.41e-03   7.90e-03   4.72e-02   1.32e-03   9.41e-01   0.00e+00]\n [  5.71e-02   1.05e-01   5.29e-01   8.57e-02   2.24e-01   0.00e+00]]"}
{"27 Val-F1": "0.600", "Weightdecay": 1e-05, "21 Val-Acc": "0.833", "15 Epochs": 100, "20 Train-Acc": "0.883", "Link": "<class 'chainer.links.connection.lstm.LSTM'>", "1 Time": "Wed Feb 22 15:55:32 2017", "Report": "             precision    recall  f1-score   support\n\n        0.0       0.78      0.80      0.79       576\n        1.0       0.18      0.41      0.25       168\n        2.0       0.90      0.83      0.86      5025\n        3.0       0.83      0.86      0.85      2111\n        5.0       0.86      0.84      0.85      2104\n        8.0       0.00      0.00      0.00         0\n\navg / total       0.86      0.83      0.84      9984\n", "Val-Loss": "0.50133", "Val-Confusion": "[[  7.77e-01   8.77e-02   8.60e-02   6.75e-03   4.22e-02   0.00e+00]\n [  2.14e-01   1.78e-01   3.18e-01   5.17e-03   2.84e-01   0.00e+00]\n [  5.13e-03   4.49e-03   8.97e-01   5.75e-02   3.59e-02   0.00e+00]\n [  0.00e+00   0.00e+00   1.62e-01   8.33e-01   4.60e-03   0.00e+00]\n [  4.86e-04   7.29e-03   1.23e-01   5.83e-03   8.63e-01   0.00e+00]\n [  7.37e-02   1.16e-01   5.26e-01   1.26e-01   1.58e-01   0.00e+00]]", "Future": 0, "Runtime": "7.10", "Cutoff": null, "Clipping": 25, "Selection": "31 in [ 0  1  2  3  4  5  6  7  8  9 10 11 12 13 33 34 35 36 37 38 39 40 41 42 43\n 44 45 46 47 48 49]", "NLabels": "[0 1 2 3 5 8]", "5 Layers": 3, "30 Comment": "intra 50 3000", "10 Neurons": 50, "Dataset": "/home/simon/sleep/", "Shape": "(20092, 36)", "22 Train-F1": "0.656", "Batch-Size": 64, "29 Chunksize": "3000", "Train-Loss": "0.35594", "2 Number": 88, "Train-Confusion": "[[ 0.81  0.08  0.05  0.01  0.04  0.  ]\n [ 0.16  0.3   0.3   0.01  0.23  0.  ]\n [ 0.    0.01  0.94  0.03  0.02  0.  ]\n [ 0.    0.    0.14  0.86  0.    0.  ]\n [ 0.    0.01  0.04  0.    0.95  0.  ]\n [ 0.08  0.12  0.5   0.08  0.21  0.  ]]"}
{"27 Val-F1": "0.414", "Weightdecay": 1e-05, "21 Val-Acc": "0.762", "15 Epochs": 150, "20 Train-Acc": "0.794", "Link": "<class 'chainer.links.connection.lstm.LSTM'>", "1 Time": "Wed Feb 22 16:00:58 2017", "Report": "             precision    recall  f1-score   support\n\n        0.0       0.48      0.76      0.59       368\n        1.0       0.00      0.00      0.00         0\n        2.0       0.86      0.79      0.83      5153\n        3.0       0.61      0.86      0.71      1325\n        4.0       0.00      0.00      0.00         2\n        5.0       0.91      0.67      0.77      2880\n        8.0       0.00      0.00      0.00         0\n\navg / total       0.83      0.76      0.78      9728\n", "Val-Loss": "0.91098", "Val-Confusion": "[[ 0.48  0.    0.16  0.02  0.33  0.  ]\n [ 0.12  0.    0.28  0.02  0.57  0.  ]\n [ 0.01  0.    0.86  0.03  0.1   0.  ]\n [ 0.    0.    0.35  0.61  0.05  0.  ]\n [ 0.    0.    0.09  0.    0.91  0.  ]\n [ 0.02  0.    0.55  0.1   0.33  0.  ]]", "Future": 0, "Runtime": "2.92", "Cutoff": null, "Clipping": 25, "Selection": "31 in [ 0  1  2  3  4  5  6  7  8  9 10 11 12 13 33 34 35 36 37 38 39 40 41 42 43\n 44 45 46 47 48 49]", "NLabels": "[0 1 2 3 5 8]", "5 Layers": 3, "30 Comment": "inter 10 3000", "10 Neurons": 10, "Dataset": "/home/simon/sleep/", "Shape": "(20375, 36)", "22 Train-F1": "0.530", "Batch-Size": 128, "29 Chunksize": "3000", "Train-Loss": "0.87331", "2 Number": 92, "Train-Confusion": "[[  7.43e-01   0.00e+00   1.61e-01   5.82e-03   9.07e-02   0.00e+00]\n [  2.04e-01   0.00e+00   4.67e-01   1.79e-02   3.11e-01   0.00e+00]\n [  7.58e-03   0.00e+00   9.04e-01   3.17e-02   5.63e-02   0.00e+00]\n [  7.39e-04   0.00e+00   3.13e-01   6.85e-01   1.72e-03   0.00e+00]\n [  9.21e-03   0.00e+00   1.06e-01   4.83e-03   8.80e-01   0.00e+00]\n [  4.29e-02   0.00e+00   6.00e-01   1.05e-01   2.52e-01   0.00e+00]]"}
{"27 Val-F1": "0.416", "Weightdecay": 1e-05, "21 Val-Acc": "0.752", "15 Epochs": 150, "20 Train-Acc": "0.776", "Link": "<class 'chainer.links.connection.lstm.LSTM'>", "1 Time": "Wed Feb 22 16:05:36 2017", "Report": "             precision    recall  f1-score   support\n\n        0.0       0.06      0.80      0.10        41\n        1.0       0.01      0.06      0.01        31\n        2.0       0.89      0.72      0.80      5809\n        3.0       0.78      0.81      0.79      2111\n        5.0       0.78      0.81      0.79      1992\n        8.0       0.00      0.00      0.00         0\n\navg / total       0.84      0.75      0.79      9984\n", "Val-Loss": "0.86741", "Val-Confusion": "[[  5.56e-02   4.38e-02   8.20e-01   2.53e-02   5.56e-02   0.00e+00]\n [  5.17e-03   5.17e-03   6.23e-01   4.39e-02   3.23e-01   0.00e+00]\n [  0.00e+00   4.28e-04   8.91e-01   7.21e-02   3.61e-02   0.00e+00]\n [  0.00e+00   4.60e-04   1.98e-01   7.83e-01   1.89e-02   0.00e+00]\n [  2.92e-03   0.00e+00   2.06e-01   1.07e-02   7.80e-01   0.00e+00]\n [  0.00e+00   0.00e+00   6.21e-01   1.79e-01   2.00e-01   0.00e+00]]", "Future": 0, "Runtime": "3.52", "Cutoff": null, "Clipping": 25, "Selection": "31 in [ 0  1  2  3  4  5  6  7  8  9 10 11 12 13 33 34 35 36 37 38 39 40 41 42 43\n 44 45 46 47 48 49]", "NLabels": "[0 1 2 3 5 8]", "5 Layers": 3, "30 Comment": "intra 10 3000", "10 Neurons": 10, "Dataset": "/home/simon/sleep/", "Shape": "(20092, 36)", "22 Train-F1": "0.437", "Batch-Size": 128, "29 Chunksize": "3000", "Train-Loss": "0.82235", "2 Number": 93, "Train-Confusion": "[[  7.63e-02   9.43e-03   7.41e-01   7.63e-02   9.69e-02   0.00e+00]\n [  8.88e-03   9.99e-03   6.56e-01   2.77e-02   2.97e-01   0.00e+00]\n [  0.00e+00   0.00e+00   9.08e-01   4.83e-02   4.36e-02   0.00e+00]\n [  0.00e+00   0.00e+00   2.11e-01   7.82e-01   6.98e-03   0.00e+00]\n [  0.00e+00   8.63e-04   1.31e-01   6.04e-03   8.62e-01   0.00e+00]\n [  5.00e-03   0.00e+00   6.10e-01   1.20e-01   2.65e-01   0.00e+00]]"}
{"27 Val-F1": "0.587", "Weightdecay": 1e-05, "21 Val-Acc": "0.821", "15 Epochs": 150, "20 Train-Acc": "0.895", "Link": "<class 'chainer.links.connection.lstm.LSTM'>", "1 Time": "Wed Feb 22 16:10:44 2017", "Report": "             precision    recall  f1-score   support\n\n        0.0       0.54      0.79      0.64      2375\n        1.0       0.33      0.31      0.32      2292\n        2.0       0.90      0.84      0.87     30816\n        3.0       0.72      0.87      0.79      9286\n        5.0       0.92      0.84      0.88     13952\n        8.0       0.02      0.26      0.03        31\n\navg / total       0.84      0.82      0.83     58752\n", "Val-Loss": "0.51734", "Val-Confusion": "[[  5.38e-01   2.18e-01   1.02e-01   1.15e-02   1.27e-01   3.15e-03]\n [  8.43e-02   3.29e-01   2.49e-01   2.30e-03   3.36e-01   4.60e-04]\n [  3.98e-03   1.54e-02   9.05e-01   3.90e-02   3.65e-02   1.75e-04]\n [  6.76e-03   1.16e-03   2.72e-01   7.18e-01   9.78e-04   5.34e-04]\n [  7.09e-04   1.98e-02   6.04e-02   7.88e-05   9.19e-01   0.00e+00]\n [  2.14e-01   2.10e-01   3.62e-01   9.09e-02   1.08e-01   1.52e-02]]", "Future": 0, "Runtime": "18.41", "Cutoff": null, "Clipping": 25, "Selection": "31 in [ 0  1  2  3  4  5  6  7  8  9 10 11 12 13 33 34 35 36 37 38 39 40 41 42 43\n 44 45 46 47 48 49]", "NLabels": "[0 1 2 3 5 8]", "5 Layers": 3, "30 Comment": "inter 50 500", "10 Neurons": 50, "Dataset": "/home/simon/sleep/", "Shape": "(122250, 36)", "22 Train-F1": "0.698", "Batch-Size": 128, "29 Chunksize": "500", "Train-Loss": "0.30567", "2 Number": 89, "Train-Confusion": "[[  8.77e-01   7.44e-02   2.23e-02   2.77e-03   2.22e-02   8.32e-04]\n [  1.12e-01   4.86e-01   2.25e-01   1.93e-03   1.74e-01   8.75e-04]\n [  5.69e-04   9.39e-03   9.42e-01   3.30e-02   1.50e-02   8.89e-05]\n [  4.11e-05   1.64e-04   1.29e-01   8.71e-01   4.52e-04   2.05e-04]\n [  1.31e-03   1.14e-02   3.76e-02   7.28e-05   9.50e-01   0.00e+00]\n [  1.17e-01   2.24e-01   4.17e-01   7.54e-02   1.59e-01   8.73e-03]]"}
{"27 Val-F1": "0.621", "Weightdecay": 1e-05, "21 Val-Acc": "0.828", "15 Epochs": 150, "20 Train-Acc": "0.898", "Link": "<class 'chainer.links.connection.lstm.LSTM'>", "1 Time": "Wed Feb 22 16:10:52 2017", "Report": "             precision    recall  f1-score   support\n\n        0.0       0.69      0.84      0.76      2861\n        1.0       0.35      0.40      0.37      1885\n        2.0       0.89      0.86      0.87     29700\n        3.0       0.74      0.84      0.79      9898\n        5.0       0.92      0.82      0.87     14315\n        8.0       0.04      0.24      0.07        93\n\navg / total       0.84      0.83      0.83     58752\n", "Val-Loss": "0.51050", "Val-Confusion": "[[  6.91e-01   1.23e-01   5.07e-02   1.29e-02   1.14e-01   7.73e-03]\n [  9.85e-02   3.47e-01   2.12e-01   4.60e-03   3.37e-01   4.60e-04]\n [  2.27e-03   1.52e-02   8.89e-01   5.20e-02   4.08e-02   1.01e-03]\n [  7.11e-04   8.89e-04   2.38e-01   7.39e-01   2.10e-02   1.07e-03]\n [  2.44e-03   1.42e-02   6.13e-02   2.36e-04   9.22e-01   1.58e-04]\n [  2.46e-01   1.42e-01   3.31e-01   9.09e-02   1.48e-01   4.17e-02]]", "Future": 0, "Runtime": "18.45", "Cutoff": null, "Clipping": 25, "Selection": "31 in [ 0  1  2  3  4  5  6  7  8  9 10 11 12 13 33 34 35 36 37 38 39 40 41 42 43\n 44 45 46 47 48 49]", "NLabels": "[0 1 2 3 5 8]", "5 Layers": 3, "30 Comment": "intra 50 500", "10 Neurons": 50, "Dataset": "/home/simon/sleep/", "Shape": "(122250, 36)", "22 Train-F1": "0.721", "Batch-Size": 128, "29 Chunksize": "500", "Train-Loss": "0.29553", "2 Number": 90, "Train-Confusion": "[[  8.85e-01   6.61e-02   1.79e-02   3.60e-03   2.51e-02   2.36e-03]\n [  8.28e-02   5.55e-01   1.83e-01   3.50e-03   1.73e-01   2.80e-03]\n [  6.22e-04   1.05e-02   9.40e-01   3.58e-02   1.29e-02   3.38e-04]\n [  3.29e-04   0.00e+00   1.30e-01   8.69e-01   4.93e-04   4.52e-04]\n [  1.75e-03   9.50e-03   3.60e-02   2.55e-04   9.53e-01   0.00e+00]\n [  1.40e-01   2.07e-01   3.47e-01   8.41e-02   1.77e-01   4.44e-02]]"}
{"27 Val-F1": "0.616", "Weightdecay": 1e-05, "21 Val-Acc": "0.840", "15 Epochs": 200, "20 Train-Acc": "0.899", "Link": "<class 'chainer.links.connection.lstm.LSTM'>", "1 Time": "Wed Feb 22 16:44:16 2017", "Report": "             precision    recall  f1-score   support\n\n        0.0       0.74      0.78      0.76       564\n        1.0       0.30      0.38      0.34       304\n        2.0       0.90      0.86      0.88      4886\n        3.0       0.83      0.85      0.84      2117\n        5.0       0.88      0.86      0.87      2113\n        8.0       0.00      0.00      0.00         0\n\navg / total       0.85      0.84      0.85      9984\n", "Val-Loss": "0.46807", "Val-Confusion": "[[ 0.74  0.16  0.06  0.01  0.02  0.  ]\n [ 0.14  0.3   0.27  0.01  0.28  0.  ]\n [ 0.01  0.01  0.9   0.06  0.03  0.  ]\n [ 0.    0.    0.16  0.83  0.01  0.  ]\n [ 0.01  0.02  0.08  0.01  0.88  0.  ]\n [ 0.22  0.13  0.41  0.13  0.12  0.  ]]", "Future": 0, "Runtime": "6.06", "Cutoff": null, "Clipping": 25, "Selection": "31 in [ 0  1  2  3  4  5  6  7  8  9 10 11 12 13 33 34 35 36 37 38 39 40 41 42 43\n 44 45 46 47 48 49]", "NLabels": "[0 1 2 3 5 8]", "5 Layers": 3, "30 Comment": "future 0", "10 Neurons": 30, "Dataset": "/home/simon/sleep/", "Shape": "(20092, 36)", "22 Train-F1": "0.694", "Batch-Size": 64, "29 Chunksize": "3000", "Train-Loss": "0.29684", "2 Number": 96, "Train-Confusion": "[[  8.77e-01   5.92e-02   2.23e-02   1.20e-02   2.92e-02   0.00e+00]\n [  1.19e-01   4.62e-01   2.12e-01   7.67e-03   1.98e-01   0.00e+00]\n [  1.28e-03   7.24e-03   9.46e-01   3.38e-02   1.19e-02   0.00e+00]\n [  8.04e-04   0.00e+00   1.33e-01   8.66e-01   5.36e-04   0.00e+00]\n [  2.16e-03   9.06e-03   2.70e-02   4.32e-04   9.61e-01   0.00e+00]\n [  1.64e-01   1.64e-01   3.88e-01   8.46e-02   1.99e-01   0.00e+00]]"}
{"27 Val-F1": "0.599", "Weightdecay": 1e-05, "21 Val-Acc": "0.828", "15 Epochs": 200, "20 Train-Acc": "0.929", "Link": "<class 'chainer.links.connection.lstm.LSTM'>", "1 Time": "Wed Feb 22 16:54:38 2017", "Report": "             precision    recall  f1-score   support\n\n        0.0       0.60      0.70      0.65       484\n        1.0       0.36      0.36      0.36       438\n        2.0       0.90      0.85      0.87      4995\n        3.0       0.84      0.83      0.84      1878\n        5.0       0.85      0.90      0.88      2187\n        8.0       0.00      0.00      0.00         2\n\navg / total       0.84      0.83      0.83      9984\n", "Val-Loss": "0.52076", "Val-Confusion": "[[  6.01e-01   2.06e-01   9.52e-02   6.53e-02   3.17e-02   0.00e+00]\n [  1.32e-01   3.58e-01   3.08e-01   1.60e-02   1.83e-01   2.28e-03]\n [  4.46e-03   2.06e-02   9.02e-01   5.31e-02   1.98e-02   2.13e-04]\n [  1.08e-03   5.39e-04   1.51e-01   8.42e-01   4.85e-03   0.00e+00]\n [  2.04e-02   2.22e-02   1.02e-01   1.30e-03   8.54e-01   0.00e+00]\n [  1.28e-01   1.28e-01   4.19e-01   1.45e-01   1.79e-01   0.00e+00]]", "Future": 1, "Runtime": "9.83", "Cutoff": null, "Clipping": 25, "Selection": "31 in [ 0  1  2  3  4  5  6  7  8  9 10 11 12 13 33 34 35 36 37 38 39 40 41 42 43\n 44 45 46 47 48 49]", "NLabels": "[0 1 2 3 5 8]", "5 Layers": 3, "30 Comment": "future 0", "10 Neurons": 35, "Dataset": "/home/simon/sleep/", "Shape": "(20092, 72)", "22 Train-F1": "0.757", "Batch-Size": 64, "29 Chunksize": "3000", "Train-Loss": "0.21191", "2 Number": 96, "Train-Confusion": "[[  9.06e-01   5.70e-02   1.68e-02   5.87e-03   1.43e-02   0.00e+00]\n [  5.68e-02   6.69e-01   1.45e-01   2.32e-03   1.26e-01   0.00e+00]\n [  9.62e-04   4.70e-03   9.58e-01   3.18e-02   4.59e-03   0.00e+00]\n [  4.94e-04   0.00e+00   9.01e-02   9.09e-01   4.94e-04   0.00e+00]\n [  1.59e-03   4.33e-03   1.41e-02   2.28e-04   9.80e-01   0.00e+00]\n [  1.73e-01   2.01e-01   3.63e-01   8.38e-02   1.34e-01   4.47e-02]]"}
{"27 Val-F1": "0.621", "Weightdecay": 1e-05, "21 Val-Acc": "0.826", "15 Epochs": 200, "20 Train-Acc": "0.891", "Link": "<class 'chainer.links.connection.lstm.LSTM'>", "1 Time": "Wed Feb 22 16:55:13 2017", "Report": "             precision    recall  f1-score   support\n\n        0.0       0.78      0.80      0.79      3508\n        1.0       0.36      0.42      0.39      2036\n        2.0       0.89      0.84      0.86     29884\n        3.0       0.80      0.86      0.83     12125\n        5.0       0.85      0.83      0.84     12604\n        8.0       0.01      1.00      0.01         3\n\navg / total       0.84      0.83      0.83     60160\n", "Val-Loss": "0.53226", "Val-Confusion": "[[  7.79e-01   1.12e-01   5.04e-02   4.74e-03   5.41e-02   0.00e+00]\n [  1.47e-01   3.63e-01   2.48e-01   4.63e-03   2.38e-01   0.00e+00]\n [  4.75e-03   1.36e-02   8.87e-01   5.52e-02   3.92e-02   0.00e+00]\n [  1.54e-03   2.30e-04   1.82e-01   8.04e-01   1.24e-02   0.00e+00]\n [  6.23e-03   2.47e-02   1.18e-01   7.28e-04   8.50e-01   0.00e+00]\n [  2.33e-01   1.39e-01   3.99e-01   1.09e-01   1.15e-01   5.21e-03]]", "Future": 0, "Runtime": "13.70", "Cutoff": null, "Clipping": 25, "Selection": "31 in [ 0  1  2  3  4  5  6  7  8  9 10 11 12 13 33 34 35 36 37 38 39 40 41 42 43\n 44 45 46 47 48 49]", "NLabels": "[0 1 2 3 5 8]", "5 Layers": 3, "30 Comment": "future 500 0", "10 Neurons": 30, "Dataset": "/home/simon/sleep/", "Shape": "(120684, 36)", "22 Train-F1": "0.685", "Batch-Size": 256, "29 Chunksize": "500", "Train-Loss": "0.33010", "2 Number": 99, "Train-Confusion": "[[  8.84e-01   5.19e-02   2.98e-02   8.16e-03   2.55e-02   2.81e-04]\n [  1.18e-01   4.35e-01   2.37e-01   4.56e-03   2.05e-01   3.65e-04]\n [  1.98e-03   1.02e-02   9.37e-01   3.36e-02   1.71e-02   3.54e-05]\n [  1.16e-03   0.00e+00   1.39e-01   8.59e-01   5.34e-04   1.78e-04]\n [  3.52e-03   6.44e-03   3.69e-02   1.51e-03   9.52e-01   0.00e+00]\n [  2.50e-01   1.18e-01   3.49e-01   7.10e-02   2.12e-01   0.00e+00]]"}
{"27 Val-F1": "0.627", "Weightdecay": 1e-05, "21 Val-Acc": "0.828", "15 Epochs": 200, "20 Train-Acc": "0.935", "Link": "<class 'chainer.links.connection.lstm.LSTM'>", "1 Time": "Wed Feb 22 17:02:06 2017", "Report": "             precision    recall  f1-score   support\n\n        0.0       0.71      0.75      0.73       644\n        1.0       0.41      0.40      0.40       467\n        2.0       0.87      0.85      0.86      4348\n        3.0       0.86      0.88      0.87      2457\n        5.0       0.87      0.85      0.86      2058\n        8.0       0.02      0.20      0.04        10\n\navg / total       0.83      0.83      0.83      9984\n", "Val-Loss": "0.51541", "Val-Confusion": "[[  7.10e-01   1.72e-01   5.57e-02   2.93e-03   5.57e-02   4.40e-03]\n [  1.74e-01   4.08e-01   2.58e-01   4.42e-03   1.52e-01   2.21e-03]\n [  2.82e-03   2.33e-02   8.66e-01   6.44e-02   4.37e-02   0.00e+00]\n [  3.99e-04   0.00e+00   1.36e-01   8.61e-01   1.20e-03   7.97e-04]\n [  2.60e-02   2.20e-02   7.25e-02   4.00e-03   8.74e-01   1.00e-03]\n [  1.82e-01   2.50e-01   2.61e-01   1.25e-01   1.59e-01   2.27e-02]]", "Future": 2, "Runtime": "6.15", "Cutoff": null, "Clipping": 25, "Selection": "31 in [ 0  1  2  3  4  5  6  7  8  9 10 11 12 13 33 34 35 36 37 38 39 40 41 42 43\n 44 45 46 47 48 49]", "NLabels": "[0 1 2 3 5 8]", "5 Layers": 3, "30 Comment": "future 0", "10 Neurons": 40, "Dataset": "/home/simon/sleep/", "Shape": "(20092, 108)", "22 Train-F1": "0.763", "Batch-Size": 64, "29 Chunksize": "3000", "Train-Loss": "0.20156", "2 Number": 96, "Train-Confusion": "[[  9.29e-01   4.84e-02   1.02e-02   2.79e-03   8.38e-03   9.31e-04]\n [  5.30e-02   6.90e-01   1.30e-01   2.36e-03   1.22e-01   2.36e-03]\n [  5.10e-04   4.59e-03   9.67e-01   2.42e-02   3.98e-03   0.00e+00]\n [  1.76e-03   2.94e-04   1.12e-01   8.84e-01   2.94e-04   8.82e-04]\n [  8.53e-04   5.33e-03   5.75e-03   4.26e-04   9.88e-01   0.00e+00]\n [  1.55e-01   2.37e-01   3.43e-01   7.73e-02   1.35e-01   5.31e-02]]"}
{"27 Val-F1": "0.630", "Weightdecay": 1e-05, "21 Val-Acc": "0.841", "15 Epochs": 200, "20 Train-Acc": "0.910", "Link": "<class 'chainer.links.connection.lstm.LSTM'>", "1 Time": "Wed Feb 22 17:07:52 2017", "Report": "             precision    recall  f1-score   support\n\n        0.0       0.77      0.74      0.76      3590\n        1.0       0.41      0.41      0.41      2672\n        2.0       0.90      0.86      0.88     29663\n        3.0       0.82      0.88      0.85     10435\n        5.0       0.88      0.88      0.88     13796\n        8.0       0.00      0.50      0.01         4\n\navg / total       0.85      0.84      0.85     60160\n", "Val-Loss": "0.50446", "Val-Confusion": "[[  7.70e-01   1.23e-01   6.51e-02   1.47e-02   2.75e-02   2.89e-04]\n [  1.29e-01   4.14e-01   2.37e-01   7.09e-03   2.12e-01   3.73e-04]\n [  4.58e-03   2.39e-02   9.00e-01   4.07e-02   3.06e-02   0.00e+00]\n [  5.39e-04   0.00e+00   1.75e-01   8.21e-01   3.41e-03   0.00e+00]\n [  1.84e-02   2.72e-02   7.74e-02   6.51e-04   8.76e-01   0.00e+00]\n [  2.74e-01   1.23e-01   3.52e-01   8.40e-02   1.65e-01   2.85e-03]]", "Future": 1, "Runtime": "10.52", "Cutoff": null, "Clipping": 25, "Selection": "31 in [ 0  1  2  3  4  5  6  7  8  9 10 11 12 13 33 34 35 36 37 38 39 40 41 42 43\n 44 45 46 47 48 49]", "NLabels": "[0 1 2 3 5 8]", "5 Layers": 3, "30 Comment": "future 500 0", "10 Neurons": 35, "Dataset": "/home/simon/sleep/", "Shape": "(120684, 72)", "22 Train-F1": "0.722", "Batch-Size": 256, "29 Chunksize": "500", "Train-Loss": "0.27070", "2 Number": 99, "Train-Confusion": "[[  8.96e-01   6.09e-02   2.43e-02   6.49e-03   1.24e-02   0.00e+00]\n [  9.91e-02   6.20e-01   1.34e-01   2.51e-03   1.45e-01   0.00e+00]\n [  8.16e-04   8.11e-03   9.46e-01   3.20e-02   1.29e-02   0.00e+00]\n [  1.35e-03   1.64e-04   1.17e-01   8.81e-01   3.28e-04   0.00e+00]\n [  1.67e-03   6.68e-03   3.13e-02   4.17e-04   9.60e-01   0.00e+00]\n [  2.49e-01   1.74e-01   3.33e-01   9.94e-02   1.44e-01   9.21e-04]]"}
{"27 Val-F1": "0.632", "Weightdecay": 1e-05, "21 Val-Acc": "0.830", "15 Epochs": 200, "20 Train-Acc": "0.946", "Link": "<class 'chainer.links.connection.lstm.LSTM'>", "1 Time": "Wed Feb 22 17:09:15 2017", "Report": "             precision    recall  f1-score   support\n\n        0.0       0.70      0.79      0.75       444\n        1.0       0.29      0.31      0.30       375\n        2.0       0.87      0.86      0.86      4577\n        3.0       0.85      0.86      0.86      2247\n        5.0       0.89      0.84      0.86      2311\n        8.0       0.11      0.37      0.17        30\n\navg / total       0.84      0.83      0.83      9984\n", "Val-Loss": "0.57490", "Val-Confusion": "[[  7.04e-01   2.00e-01   5.80e-02   8.00e-03   2.20e-02   8.00e-03]\n [  1.37e-01   2.87e-01   3.02e-01   2.49e-03   2.64e-01   7.48e-03]\n [  3.55e-03   1.47e-02   8.70e-01   6.46e-02   4.62e-02   8.88e-04]\n [  4.37e-04   1.31e-03   1.39e-01   8.49e-01   7.43e-03   2.62e-03]\n [  3.65e-03   3.42e-02   7.30e-02   0.00e+00   8.88e-01   9.12e-04]\n [  1.19e-01   1.58e-01   3.17e-01   7.92e-02   2.18e-01   1.09e-01]]", "Future": 3, "Runtime": "6.60", "Cutoff": null, "Clipping": 25, "Selection": "31 in [ 0  1  2  3  4  5  6  7  8  9 10 11 12 13 33 34 35 36 37 38 39 40 41 42 43\n 44 45 46 47 48 49]", "NLabels": "[0 1 2 3 5 8]", "5 Layers": 3, "30 Comment": "future 0", "10 Neurons": 46, "Dataset": "/home/simon/sleep/", "Shape": "(20092, 144)", "22 Train-F1": "0.830", "Batch-Size": 64, "29 Chunksize": "3000", "Train-Loss": "0.16398", "2 Number": 96, "Train-Confusion": "[[  9.33e-01   5.47e-02   3.17e-03   7.93e-04   5.55e-03   2.38e-03]\n [  2.96e-02   8.04e-01   8.77e-02   1.10e-03   6.80e-02   9.87e-03]\n [  2.09e-04   2.30e-03   9.67e-01   2.86e-02   1.99e-03   2.09e-04]\n [  2.78e-04   0.00e+00   8.50e-02   9.14e-01   2.78e-04   0.00e+00]\n [  4.45e-04   3.11e-03   4.00e-03   2.22e-04   9.92e-01   0.00e+00]\n [  1.13e-01   3.04e-01   2.01e-01   4.64e-02   9.79e-02   2.37e-01]]"}
{"27 Val-F1": "0.652", "Weightdecay": 1e-05, "21 Val-Acc": "0.829", "15 Epochs": 200, "20 Train-Acc": "0.950", "Link": "<class 'chainer.links.connection.lstm.LSTM'>", "1 Time": "Wed Feb 22 17:16:22 2017", "Report": "             precision    recall  f1-score   support\n\n        0.0       0.75      0.86      0.80       445\n        1.0       0.33      0.33      0.33       386\n        2.0       0.89      0.83      0.86      5091\n        3.0       0.81      0.85      0.83      1856\n        5.0       0.85      0.89      0.87      2162\n        8.0       0.16      0.39      0.23        44\n\navg / total       0.84      0.83      0.83      9984\n", "Val-Loss": "0.61486", "Val-Confusion": "[[ 0.75  0.15  0.05  0.01  0.03  0.01]\n [ 0.09  0.33  0.35  0.01  0.22  0.01]\n [ 0.    0.02  0.89  0.06  0.02  0.  ]\n [ 0.    0.    0.19  0.81  0.    0.  ]\n [ 0.    0.02  0.13  0.    0.85  0.  ]\n [ 0.11  0.18  0.33  0.07  0.16  0.16]]", "Future": 4, "Runtime": "6.56", "Cutoff": null, "Clipping": 25, "Selection": "31 in [ 0  1  2  3  4  5  6  7  8  9 10 11 12 13 33 34 35 36 37 38 39 40 41 42 43\n 44 45 46 47 48 49]", "NLabels": "[0 1 2 3 5 8]", "5 Layers": 3, "30 Comment": "future 0", "10 Neurons": 51, "Dataset": "/home/simon/sleep/", "Shape": "(20092, 180)", "22 Train-F1": "0.847", "Batch-Size": 64, "29 Chunksize": "3000", "Train-Loss": "0.14498", "2 Number": 96, "Train-Confusion": "[[  9.37e-01   4.71e-02   4.79e-03   7.98e-04   6.38e-03   3.99e-03]\n [  2.25e-02   8.21e-01   8.24e-02   3.21e-03   6.10e-02   9.64e-03]\n [  0.00e+00   1.29e-03   9.71e-01   2.57e-02   2.25e-03   1.07e-04]\n [  5.09e-04   0.00e+00   8.00e-02   9.20e-01   0.00e+00   0.00e+00]\n [  4.53e-04   3.85e-03   2.04e-03   0.00e+00   9.94e-01   0.00e+00]\n [  1.06e-01   2.77e-01   1.97e-01   4.79e-02   7.98e-02   2.93e-01]]"}
{"27 Val-F1": "0.635", "Weightdecay": 1e-05, "21 Val-Acc": "0.824", "15 Epochs": 200, "20 Train-Acc": "0.921", "Link": "<class 'chainer.links.connection.lstm.LSTM'>", "1 Time": "Wed Feb 22 17:20:15 2017", "Report": "             precision    recall  f1-score   support\n\n        0.0       0.65      0.76      0.70      3560\n        1.0       0.43      0.38      0.40      3092\n        2.0       0.87      0.84      0.86     26630\n        3.0       0.86      0.90      0.88     14429\n        5.0       0.86      0.84      0.85     12324\n        8.0       0.08      0.34      0.13       125\n\navg / total       0.83      0.82      0.83     60160\n", "Val-Loss": "0.56162", "Val-Confusion": "[[  6.52e-01   1.89e-01   1.20e-01   2.90e-03   2.85e-02   7.25e-03]\n [  2.03e-01   4.28e-01   1.89e-01   1.47e-03   1.75e-01   4.04e-03]\n [  2.66e-03   1.74e-02   8.73e-01   5.33e-02   5.26e-02   8.60e-04]\n [  5.27e-04   2.63e-04   1.42e-01   8.55e-01   0.00e+00   1.25e-03]\n [  8.26e-03   5.19e-02   7.90e-02   1.25e-03   8.60e-01   8.34e-05]\n [  2.49e-01   1.42e-01   3.15e-01   7.30e-02   1.42e-01   7.87e-02]]", "Future": 2, "Runtime": "10.80", "Cutoff": null, "Clipping": 25, "Selection": "31 in [ 0  1  2  3  4  5  6  7  8  9 10 11 12 13 33 34 35 36 37 38 39 40 41 42 43\n 44 45 46 47 48 49]", "NLabels": "[0 1 2 3 5 8]", "5 Layers": 3, "30 Comment": "future 500 0", "10 Neurons": 40, "Dataset": "/home/simon/sleep/", "Shape": "(120684, 108)", "22 Train-F1": "0.769", "Batch-Size": 256, "29 Chunksize": "500", "Train-Loss": "0.23129", "2 Number": 99, "Train-Confusion": "[[  9.02e-01   6.08e-02   1.36e-02   4.43e-03   9.32e-03   9.94e-03]\n [  8.47e-02   6.55e-01   1.50e-01   1.94e-03   9.93e-02   9.33e-03]\n [  7.11e-04   6.89e-03   9.54e-01   3.06e-02   6.74e-03   8.30e-04]\n [  1.47e-04   0.00e+00   1.32e-01   8.66e-01   3.92e-04   1.42e-03]\n [  1.28e-03   6.25e-03   1.49e-02   7.10e-04   9.77e-01   1.06e-04]\n [  2.08e-01   1.40e-01   2.99e-01   7.02e-02   1.28e-01   1.54e-01]]"}
{"27 Val-F1": "0.639", "Weightdecay": 1e-05, "21 Val-Acc": "0.818", "15 Epochs": 200, "20 Train-Acc": "0.953", "Link": "<class 'chainer.links.connection.lstm.LSTM'>", "1 Time": "Wed Feb 22 17:23:37 2017", "Report": "             precision    recall  f1-score   support\n\n        0.0       0.71      0.84      0.77       461\n        1.0       0.48      0.37      0.42       628\n        2.0       0.85      0.85      0.85      4731\n        3.0       0.82      0.84      0.83      1776\n        5.0       0.88      0.86      0.87      2369\n        8.0       0.06      0.32      0.10        19\n\navg / total       0.82      0.82      0.82      9984\n", "Val-Loss": "0.64629", "Val-Confusion": "[[  7.09e-01   1.92e-01   4.40e-02   7.33e-03   4.21e-02   5.49e-03]\n [  9.13e-02   4.77e-01   2.56e-01   4.06e-03   1.64e-01   8.11e-03]\n [  2.77e-03   4.09e-02   8.54e-01   5.62e-02   4.49e-02   1.06e-03]\n [  5.47e-04   4.37e-03   1.77e-01   8.17e-01   1.09e-03   0.00e+00]\n [  1.72e-03   2.93e-02   9.18e-02   1.29e-03   8.75e-01   4.31e-04]\n [  1.11e-01   2.02e-01   3.33e-01   8.08e-02   2.12e-01   6.06e-02]]", "Future": 5, "Runtime": "6.69", "Cutoff": null, "Clipping": 25, "Selection": "31 in [ 0  1  2  3  4  5  6  7  8  9 10 11 12 13 33 34 35 36 37 38 39 40 41 42 43\n 44 45 46 47 48 49]", "NLabels": "[0 1 2 3 5 8]", "5 Layers": 3, "30 Comment": "future 0", "10 Neurons": 57, "Dataset": "/home/simon/sleep/", "Shape": "(20092, 216)", "22 Train-F1": "0.866", "Batch-Size": 64, "29 Chunksize": "3000", "Train-Loss": "0.13659", "2 Number": 96, "Train-Confusion": "[[  9.55e-01   3.37e-02   2.47e-03   8.23e-04   4.94e-03   3.29e-03]\n [  3.05e-02   8.32e-01   5.49e-02   2.44e-03   6.59e-02   1.46e-02]\n [  0.00e+00   1.81e-03   9.64e-01   3.24e-02   8.54e-04   6.40e-04]\n [  7.39e-04   0.00e+00   6.68e-02   9.32e-01   0.00e+00   0.00e+00]\n [  4.58e-04   2.97e-03   2.06e-03   0.00e+00   9.95e-01   0.00e+00]\n [  1.17e-01   1.79e-01   1.79e-01   6.12e-02   7.65e-02   3.88e-01]]"}
{"27 Val-F1": "0.628", "Weightdecay": 1e-05, "21 Val-Acc": "0.807", "15 Epochs": 200, "20 Train-Acc": "0.966", "Link": "<class 'chainer.links.connection.lstm.LSTM'>", "1 Time": "Wed Feb 22 17:30:17 2017", "Report": "             precision    recall  f1-score   support\n\n        0.0       0.82      0.70      0.75       895\n        1.0       0.33      0.41      0.37       398\n        2.0       0.88      0.82      0.85      4809\n        3.0       0.80      0.84      0.82      1695\n        5.0       0.80      0.88      0.84      2147\n        8.0       0.10      0.25      0.14        40\n\navg / total       0.82      0.81      0.81      9984\n", "Val-Loss": "0.75133", "Val-Confusion": "[[  8.17e-01   8.64e-02   3.27e-02   4.97e-02   7.85e-03   6.54e-03]\n [  2.54e-01   3.31e-01   2.18e-01   4.03e-03   1.77e-01   1.61e-02]\n [  1.09e-02   2.07e-02   8.82e-01   4.99e-02   3.52e-02   1.56e-03]\n [  5.60e-04   2.24e-03   1.94e-01   7.98e-01   2.80e-03   2.80e-03]\n [  2.89e-02   2.38e-02   1.46e-01   0.00e+00   7.99e-01   2.13e-03]\n [  2.76e-01   1.53e-01   2.86e-01   7.14e-02   1.12e-01   1.02e-01]]", "Future": 6, "Runtime": "6.12", "Cutoff": null, "Clipping": 25, "Selection": "31 in [ 0  1  2  3  4  5  6  7  8  9 10 11 12 13 33 34 35 36 37 38 39 40 41 42 43\n 44 45 46 47 48 49]", "NLabels": "[0 1 2 3 5 8]", "5 Layers": 3, "30 Comment": "future 0", "10 Neurons": 62, "Dataset": "/home/simon/sleep/", "Shape": "(20092, 252)", "22 Train-F1": "0.937", "Batch-Size": 64, "29 Chunksize": "3000", "Train-Loss": "0.10346", "2 Number": 96, "Train-Confusion": "[[  9.73e-01   1.71e-02   2.02e-03   0.00e+00   6.05e-03   2.02e-03]\n [  7.44e-03   9.28e-01   1.86e-02   0.00e+00   4.22e-02   3.72e-03]\n [  0.00e+00   3.13e-04   9.79e-01   1.91e-02   1.57e-03   2.09e-04]\n [  0.00e+00   0.00e+00   7.59e-02   9.24e-01   0.00e+00   2.42e-04]\n [  0.00e+00   1.84e-03   2.77e-03   0.00e+00   9.95e-01   0.00e+00]\n [  4.06e-02   9.14e-02   6.09e-02   2.03e-02   8.12e-02   7.06e-01]]"}
{"27 Val-F1": "0.678", "Weightdecay": 1e-05, "21 Val-Acc": "0.841", "15 Epochs": 200, "20 Train-Acc": "0.924", "Link": "<class 'chainer.links.connection.lstm.LSTM'>", "1 Time": "Wed Feb 22 17:32:12 2017", "Report": "             precision    recall  f1-score   support\n\n        0.0       0.80      0.85      0.82      2884\n        1.0       0.39      0.41      0.40      2299\n        2.0       0.90      0.84      0.87     29339\n        3.0       0.83      0.92      0.87     12433\n        5.0       0.85      0.86      0.85     12930\n        8.0       0.18      0.40      0.25       275\n\navg / total       0.85      0.84      0.84     60160\n", "Val-Loss": "0.49811", "Val-Confusion": "[[  7.98e-01   1.19e-01   3.27e-02   1.01e-02   2.06e-02   1.99e-02]\n [  1.15e-01   3.93e-01   2.83e-01   1.66e-03   2.01e-01   6.64e-03]\n [  1.40e-03   1.85e-02   9.03e-01   3.47e-02   4.08e-02   1.91e-03]\n [  1.75e-03   1.45e-04   1.66e-01   8.29e-01   1.45e-03   1.75e-03]\n [  1.29e-03   3.14e-02   1.17e-01   1.67e-03   8.48e-01   9.13e-04]\n [  1.49e-01   1.16e-01   3.12e-01   6.11e-02   1.82e-01   1.82e-01]]", "Future": 3, "Runtime": "10.31", "Cutoff": null, "Clipping": 25, "Selection": "31 in [ 0  1  2  3  4  5  6  7  8  9 10 11 12 13 33 34 35 36 37 38 39 40 41 42 43\n 44 45 46 47 48 49]", "NLabels": "[0 1 2 3 5 8]", "5 Layers": 3, "30 Comment": "future 500 0", "10 Neurons": 46, "Dataset": "/home/simon/sleep/", "Shape": "(120684, 144)", "22 Train-F1": "0.792", "Batch-Size": 256, "29 Chunksize": "500", "Train-Loss": "0.22117", "2 Number": 99, "Train-Confusion": "[[  8.94e-01   6.08e-02   1.63e-02   2.48e-03   1.32e-02   1.31e-02]\n [  6.14e-02   6.68e-01   1.53e-01   1.46e-03   1.02e-01   1.41e-02]\n [  5.56e-04   6.33e-03   9.65e-01   2.07e-02   6.08e-03   1.39e-03]\n [  3.23e-04   2.30e-04   1.28e-01   8.70e-01   3.69e-04   1.20e-03]\n [  1.26e-03   7.47e-03   2.12e-02   1.11e-04   9.70e-01   7.40e-05]\n [  1.94e-01   1.50e-01   2.30e-01   4.82e-02   1.32e-01   2.46e-01]]"}
{"27 Val-F1": "0.674", "Weightdecay": 1e-05, "21 Val-Acc": "0.842", "15 Epochs": 200, "20 Train-Acc": "0.966", "Link": "<class 'chainer.links.connection.lstm.LSTM'>", "1 Time": "Wed Feb 22 17:36:51 2017", "Report": "             precision    recall  f1-score   support\n\n        0.0       0.85      0.82      0.84       802\n        1.0       0.40      0.44      0.42       390\n        2.0       0.86      0.88      0.87      4468\n        3.0       0.83      0.83      0.83      2129\n        5.0       0.93      0.87      0.90      2148\n        8.0       0.13      0.30      0.19        47\n\navg / total       0.85      0.84      0.85      9984\n", "Val-Loss": "0.57738", "Val-Confusion": "[[ 0.85  0.09  0.02  0.01  0.03  0.  ]\n [ 0.19  0.4   0.22  0.01  0.15  0.02]\n [ 0.    0.02  0.86  0.07  0.04  0.  ]\n [ 0.    0.    0.16  0.83  0.    0.  ]\n [ 0.01  0.03  0.03  0.    0.93  0.  ]\n [ 0.22  0.12  0.26  0.11  0.15  0.13]]", "Future": 7, "Runtime": "6.07", "Cutoff": null, "Clipping": 25, "Selection": "31 in [ 0  1  2  3  4  5  6  7  8  9 10 11 12 13 33 34 35 36 37 38 39 40 41 42 43\n 44 45 46 47 48 49]", "NLabels": "[0 1 2 3 5 8]", "5 Layers": 3, "30 Comment": "future 0", "10 Neurons": 68, "Dataset": "/home/simon/sleep/", "Shape": "(20092, 288)", "22 Train-F1": "0.931", "Batch-Size": 64, "29 Chunksize": "3000", "Train-Loss": "0.10248", "2 Number": 96, "Train-Confusion": "[[  9.70e-01   2.24e-02   1.02e-03   0.00e+00   4.07e-03   2.04e-03]\n [  1.26e-02   9.03e-01   2.18e-02   0.00e+00   5.05e-02   1.26e-02]\n [  0.00e+00   1.16e-03   9.77e-01   2.01e-02   1.68e-03   1.05e-04]\n [  0.00e+00   0.00e+00   7.40e-02   9.26e-01   0.00e+00   0.00e+00]\n [  0.00e+00   1.28e-03   1.50e-03   0.00e+00   9.97e-01   0.00e+00]\n [  5.24e-02   1.05e-01   7.33e-02   5.24e-03   5.24e-02   7.12e-01]]"}
{"27 Val-F1": "0.642", "Weightdecay": 1e-05, "21 Val-Acc": "0.835", "15 Epochs": 200, "20 Train-Acc": "0.960", "Link": "<class 'chainer.links.connection.lstm.LSTM'>", "1 Time": "Wed Feb 22 17:43:19 2017", "Report": "             precision    recall  f1-score   support\n\n        0.0       0.77      0.77      0.77       670\n        1.0       0.31      0.46      0.37       316\n        2.0       0.88      0.85      0.87      4592\n        3.0       0.84      0.83      0.83      2079\n        5.0       0.90      0.89      0.90      2294\n        8.0       0.07      0.27      0.12        33\n\navg / total       0.85      0.83      0.84      9984\n", "Val-Loss": "0.63480", "Val-Confusion": "[[  7.67e-01   6.81e-02   7.26e-02   6.96e-02   1.33e-02   8.89e-03]\n [  1.41e-01   3.12e-01   3.20e-01   8.66e-03   2.03e-01   1.52e-02]\n [  4.53e-03   1.20e-02   8.84e-01   6.57e-02   3.15e-02   1.81e-03]\n [  4.85e-04   4.85e-04   1.63e-01   8.36e-01   0.00e+00   4.85e-04]\n [  1.73e-02   2.40e-02   5.37e-02   0.00e+00   9.04e-01   8.88e-04]\n [  2.25e-01   1.50e-01   2.83e-01   1.33e-01   1.33e-01   7.50e-02]]", "Future": 8, "Runtime": "5.96", "Cutoff": null, "Clipping": 25, "Selection": "31 in [ 0  1  2  3  4  5  6  7  8  9 10 11 12 13 33 34 35 36 37 38 39 40 41 42 43\n 44 45 46 47 48 49]", "NLabels": "[0 1 2 3 5 8]", "5 Layers": 3, "30 Comment": "future 0", "10 Neurons": 73, "Dataset": "/home/simon/sleep/", "Shape": "(20092, 324)", "22 Train-F1": "0.900", "Batch-Size": 64, "29 Chunksize": "3000", "Train-Loss": "0.11766", "2 Number": 96, "Train-Confusion": "[[  9.67e-01   2.12e-02   5.52e-03   0.00e+00   6.45e-03   0.00e+00]\n [  3.53e-03   9.13e-01   3.64e-02   2.35e-03   4.11e-02   3.53e-03]\n [  0.00e+00   8.29e-04   9.70e-01   2.72e-02   1.55e-03   3.11e-04]\n [  1.05e-03   0.00e+00   7.53e-02   9.24e-01   0.00e+00   0.00e+00]\n [  0.00e+00   1.80e-03   3.15e-03   0.00e+00   9.95e-01   0.00e+00]\n [  3.43e-02   1.60e-01   2.11e-01   2.29e-02   1.03e-01   4.69e-01]]"}
{"27 Val-F1": "0.644", "Weightdecay": 1e-05, "21 Val-Acc": "0.829", "15 Epochs": 200, "20 Train-Acc": "0.943", "Link": "<class 'chainer.links.connection.lstm.LSTM'>", "1 Time": "Wed Feb 22 17:43:32 2017", "Report": "             precision    recall  f1-score   support\n\n        0.0       0.58      0.81      0.67      2185\n        1.0       0.43      0.31      0.36      3125\n        2.0       0.89      0.85      0.87     29848\n        3.0       0.84      0.87      0.85     11514\n        5.0       0.84      0.87      0.86     13228\n        8.0       0.17      0.43      0.25       260\n\navg / total       0.83      0.83      0.83     60160\n", "Val-Loss": "0.56715", "Val-Confusion": "[[  5.77e-01   3.24e-01   4.67e-02   2.59e-03   3.37e-02   1.62e-02]\n [  7.06e-02   4.27e-01   2.68e-01   2.63e-03   2.23e-01   8.33e-03]\n [  3.35e-03   1.98e-02   8.91e-01   5.09e-02   3.30e-02   2.06e-03]\n [  2.70e-03   3.37e-04   1.49e-01   8.40e-01   6.49e-03   1.43e-03]\n [  1.68e-03   3.34e-02   1.20e-01   1.46e-03   8.43e-01   1.46e-04]\n [  1.47e-01   1.91e-01   2.79e-01   8.33e-02   1.25e-01   1.74e-01]]", "Future": 4, "Runtime": "9.85", "Cutoff": null, "Clipping": 25, "Selection": "31 in [ 0  1  2  3  4  5  6  7  8  9 10 11 12 13 33 34 35 36 37 38 39 40 41 42 43\n 44 45 46 47 48 49]", "NLabels": "[0 1 2 3 5 8]", "5 Layers": 3, "30 Comment": "future 500 0", "10 Neurons": 51, "Dataset": "/home/simon/sleep/", "Shape": "(120684, 180)", "22 Train-F1": "0.831", "Batch-Size": 256, "29 Chunksize": "500", "Train-Loss": "0.16856", "2 Number": 99, "Train-Confusion": "[[  9.37e-01   4.19e-02   6.30e-03   4.33e-03   4.72e-03   6.04e-03]\n [  3.64e-02   8.01e-01   8.57e-02   2.32e-03   6.28e-02   1.21e-02]\n [  4.10e-04   4.90e-03   9.61e-01   2.84e-02   4.33e-03   1.23e-03]\n [  7.62e-04   2.54e-04   7.24e-02   9.26e-01   3.39e-04   3.81e-04]\n [  1.06e-03   6.60e-03   1.26e-02   2.64e-04   9.79e-01   3.77e-05]\n [  1.76e-01   2.46e-01   1.80e-01   5.18e-02   6.84e-02   2.77e-01]]"}
